1 0.12692312739073663 0.05292326522814156 0.9866967466902052 0.45036176092928654 0.35661966597005335 0.8621770994785982 0.9193687006460468 0.13164268409156335 0.6964079591710316 0.8908447754216242 0.5140949391108803 0.8665617948996207 
2 0.19210117878968241 0.8694229335746908 0.153967554193027 0.6955178368202575 0.9080268570209405 0.20959748540183054 0.5781928337667677 0.2631047592114229 0.1548830510012163 0.8297105173343945 0.32063844133299646 0.5009823209382234 
3 0.11593909093937686 0.14245608735915777 0.8001628126824794 0.2608335945118831 0.11641970356947633 0.28323419247476544 0.2764012851510176 0.037709472753826905 0.4875690038930125 0.06892128369920256 0.9560021427561021 0.00948944712984419 
4 0.07823193580092644 0.7334882759291054 0.3068730569433738 0.4543745647009674 0.675196578826029 0.49258770578439837 0.9106268890931639 0.25557505216622545 0.5067661508406472 0.5347077979767744 0.5747294189312535 0.24595408067357608 
5 0.35388970881197873 0.5723812241804213 0.01815176595623003 0.5410871502351822 0.7791089762541255 0.15669235668151837 0.24909652899439969 0.24747854680638504 0.5906605813256499 0.43819264252769646 0.3112718720816529 0.8766007120329828 
6 0.8112904091786153 0.7127469210947793 0.4076103385346318 0.4228859686520086 0.2811070166342251 0.23524925743407185 0.2979513831412366 0.7706936262554893 0.5353468971513236 0.8095539795449114 0.08250223782883573 0.46308528094196216 
7 0.37924164506361663 0.2899655416989622 0.039178753504090044 0.776558452038071 0.6951790514128057 0.9772174654782636 0.7238260995370337 0.4593303520139646 0.7177404773595595 0.3176155714406774 0.12802779869300188 0.05363427478264447 
8 0.5376166266416541 0.24831860425416508 0.025778614819462926 0.986785941328353 0.5014595321673125 0.9796125799272383 0.21098118376009137 0.8291064606919614 0.5992988132507308 0.21002077590279294 0.5775578210394258 0.8546384069865007 
9 0.8385945484194604 0.4552697293744519 0.4181866627082131 0.18616725198751682 0.40119933262336166 0.21825493830220705 0.29602741062154264 0.7418283987497164 0.7417219875743998 0.7249431224974444 0.3418812642897883 0.8324664471631185 
10 0.008234859106887534 0.22643211333139993 0.13248427613987918 0.36281445338218676 0.5520203115351627 0.7031005935435508 0.5875268271230314 0.7589870126437234 0.6125940820565525 0.3836601022192879 0.06594156805613127 0.3673353156471734 
11 0.07564808563985542 0.14456756502007526 0.02457124038641857 0.6374075360891328 0.7906859668562872 0.38323317950552616 0.5466248137758837 0.07778982653765436 0.7872431497752039 0.04040752102797396 0.7038630798360079 0.6652805724739792 
12 0.4740138225679879 0.33315583519693037 0.6497560724776388 0.3538184533909123 0.7555855154203676 0.4615524827503204 0.7923069522477816 0.1294047167896614 0.09583713161945598 0.10222646006613301 0.3481428379361845 0.024366919516529036 
13 0.8560297894206659 0.7925873739626924 0.3089851652719802 0.45308239754585944 0.783057326809501 0.05208056383496522 0.3556780416473602 0.4408071833499191 0.25347670940726974 0.9618870586998716 0.8087833247462607 0.22105627807231276 
14 0.33036353645663064 0.2004608017572102 0.46474241417712436 0.7299691630981543 0.8088891591017805 0.258404817607604 0.29051372278714827 0.30299443103030643 0.011300976179859444 0.5236539103810723 0.3985598495135004 0.7409548303220584 
15 0.6320646730351622 0.7570616882946467 0.7889169340713968 0.5031720027523559 0.04755481979273808 0.21565849888509883 0.2804523753232476 0.5279639481324371 0.28031353800764397 0.6941255345342968 0.4743706711213955 0.10500712476957309 
16 0.6847068988537082 0.06875230725023815 0.5239889257974651 0.4282529275401523 0.4262424325544853 0.7410113376935713 0.8866989743298711 0.7943948956097656 0.8058078259260535 0.7212042765158675 0.04009735348638032 0.38259353467948826 
17 0.4712816078935203 0.8713887038590981 0.7060374136444089 0.6750597008423194 0.36842680472056594 0.2585515346583348 0.9144884587890372 0.16506865535806045 0.6159716886157766 0.8755593761657172 0.9791745193687428 0.4059749253667704 
18 0.9703482854657675 0.4035333329846208 0.07380997569685697 0.1938066168487667 0.605608163470199 0.16678253349539732 0.8327289462697571 0.26622954464913573 0.11316326436228379 0.9073909108403435 0.4027541369101891 0.2873613935436787 
19 0.518407473132094 0.5728399388262005 0.29183217565716385 0.9115354020219149 0.7560514591057588 0.5056114838346042 0.8085350323433672 0.6255804141487812 0.5729563377584647 0.22211738843259057 0.574262662187006 0.35677130325583556 
20 0.4398751938326008 0.38927818067776565 0.005570161425892645 0.9702470721312693 0.5629221621554306 0.140627182550882 0.5491618892054178 0.3616068312956223 0.7395602015518755 0.19598883405247142 0.3583232596653933 0.7509877490844517 
21 0.36970802543496356 0.19974864823096083 0.14686508997694997 0.6947122542244576 0.23834224217558855 0.3493936173713791 0.1492225192203148 0.13624355528617385 0.5145730582446697 0.6383907725944807 0.0948895746419174 0.017434825957355706 
22 0.5033638059501512 0.735866695083924 0.04738386472716607 0.3995120255093025 0.5548394822440592 0.027301225211064675 0.8909707060921706 0.06513355211814603 0.11510090104464948 0.5339474329212389 0.09273181584864681 0.3297254255174591 
23 0.33573832333621073 0.02331935353492851 0.6001258374878969 0.4163079423660936 0.7023053279007941 0.5132668660873406 0.7499533599142314 0.24594821182322563 0.5926003757199627 0.4779256614722304 0.6792273152768533 0.6807415312459633 
24 0.35808126693645825 0.3753834185318135 0.4383441751139113 0.3183563952327841 0.7398802597833565 0.24874933300108576 0.3567510353143652 0.35182338617092757 0.08897919090779721 0.2318760885627794 0.4052459408792216 0.7390715703290716 
25 0.9986965008893987 0.304239100001286 0.19650957296875954 0.10256224805168057 0.1377851180297868 0.4950068653778011 0.3989153889669795 0.27481146332386414 0.6027005804714572 0.7077710729639101 0.3921873465022106 0.1847391897967957 
26 0.24320081099543994 0.20546783752126754 0.23415999262996434 0.07230341799456831 0.03146613706019567 0.07890819062408094 0.5755835812592007 0.03371836935066348 0.9209491296718224 0.22662815711072287 0.8264906775374637 0.36721851959105484 
27 0.4072763440626542 0.6374793499124802 0.3899311259733927 0.5785864512857313 0.10589804033298349 0.09760038243767392 0.2312535637941249 0.781218265734685 0.304584677130937 0.3764742356034093 0.10074508241859755 0.8762012187000383 
28 0.03739127784378362 0.3954276000955526 0.27733497099756244 0.46389083336401016 0.7625510018217548 0.7667705386508494 0.7357099969220459 0.05095496399950906 0.08276372077247107 0.5020926636799339 0.03704851275088845 0.7546351705297561 
29 0.060980502091327694 0.8116083023673786 0.4644535468396042 0.18161171474681462 0.03019677022838208 0.27052572808136216 0.5602626782509588 0.20628755887957648 0.12391481149001254 0.29665676237928096 0.8589222303156041 0.8966021990593567 
30 0.36648735836837254 0.2270689310506887 0.46219133442532784 0.08261692413023347 0.1823132552253588 0.23811245146486615 0.018097226566472363 0.37777689573197126 0.7398148252247951 0.5064902695189242 0.034232835864799076 0.5291409075696457 
31 0.12694064574155392 0.3642845116514636 0.06788095656585218 0.7819076483788633 0.27291127607434273 0.7947891316534959 0.654924320892518 0.6486874706618071 0.255676566943982 0.0014011948021345178 0.46809822644074806 0.18206012587972806 
32 0.10526918347539445 0.0360763944821896 0.7050888252460139 0.723452002834736 0.7416203303620877 0.8197569914170544 0.44603467518925394 0.021005244131444098 0.1873768895663304 0.3394897760808124 0.6526539169328299 0.5056874558642979 
33 0.49379037350760846 0.7819808545591189 0.09809206524583947 0.5748949285752887 0.6807235051932038 0.048964686776505804 0.41938359464691843 0.8839851121259752 0.37639405819739463 0.8350100786851212 0.6345001449126279 0.4279272422328869 
34 0.5040681514291006 0.16519171342373273 0.32755277495749413 0.07294999032868879 0.9968090882012455 0.398247156512448 0.1312571522248432 0.6283609445925559 0.8420356315805868 0.9645422336660474 0.24920191373258122 0.11530707248179736 
35 0.3076601571468395 0.6771381237272142 0.877544205469596 0.7608417361900495 0.9264587984943614 0.28581024097090774 0.2849723439993893 0.20742388067417517 0.7012744944089295 0.36575882097775825 0.6272467610169787 0.05371326533393148 
36 0.2618393127537264 0.5896249836256888 0.7052505223038074 0.612483510051241 0.18763717808982644 0.9709014686316348 0.09807856062868424 0.5460705708544153 0.025350661248510348 0.2697533420013822 0.04612026887357208 0.11578963127171539 
37 0.008076728296574355 0.41375887660010835 0.2846210793486025 0.4565617359000322 0.3008332079088562 0.016649274569064273 0.1154526392335659 0.25816000141082035 0.07252972689476399 0.6568688461352145 0.13071083635222228 0.3305859692643732 
38 0.7893843763073869 0.23099334671424154 0.28652177471403373 0.12970941657789772 0.3043974136511093 0.5842080165907034 0.2775520502003776 0.3445528189709149 0.8188532507558892 0.9082856172818642 0.3465515543255665 0.5537307647292184 
39 0.4936521710515672 0.05334881591569724 0.9948139694947158 0.2165513642036316 0.6771102047881615 0.7659433293321778 0.6742149675003255 0.2326368163047154 0.3379179514326069 0.7418578695164757 0.9402341133862084 0.4775974361640991 
40 0.8282891431193403 0.29337425634797887 0.38305315963948705 0.1799262872137662 0.23176856091995685 0.11416829797222511 0.852866606843751 0.22148817355644002 0.5475529964066888 0.4409939390843938 0.2538889072363648 0.3413052485118669 
41 0.023801418553857867 0.6966353188465554 0.1554935074729696 0.14298834536272725 0.3566936379286921 0.17525209555820637 0.4914036815674952 0.7850413757140108 0.47237285004928353 0.2270377019060861 0.9565741086243901 0.45726542984914104 
42 0.5873480368661046 0.7759199781862188 0.4002638364975133 0.10388480172645444 0.6354639552103168 0.6113149975885109 0.4765553782756931 0.6968750323750085 0.48618711283202126 0.6329528888142655 0.558668478965475 0.511639147644343 
43 0.8508041931353997 0.6298379786939303 0.5852666184600636 0.49330207609828924 0.0753221951868903 0.09916875242997816 0.23127437303386011 0.07466781354223345 0.4032347193170887 0.40342893274319946 0.4219657609834832 0.4146783687967479 
44 0.3895689598866282 0.4866281880576552 0.9108485077056458 0.08190786170887604 0.38036268811047536 0.3529183255814352 0.32811469438491186 0.10468686875803919 0.1307256402768793 0.4356659801019385 0.3895115146769442 0.7915615471421086 
45 0.23467770433193982 0.09899303430040828 0.9531917695336934 0.25764103628476015 0.9228522674977429 0.7100652975722586 0.025742393670295714 0.3464406647824465 0.3596702134071314 0.4013953254246277 0.3039017159461125 0.5518733171285902 
46 0.7099321923550641 0.6090677639072262 0.48936577285379124 0.73537461495806 0.3829524302913884 0.7920212599284155 0.9852810480928905 0.25082800559697555 0.1176119393577772 0.9904661949750064 0.11677243524399145 0.08940290261603905 
47 0.35638483209866056 0.7968347295934409 0.4205762344475106 0.06953338009394965 0.13608473368326926 0.23466581822409652 0.8488303987598368 0.07044970042934975 0.877676010044067 0.15935502879864463 0.9132904644540043 0.5725217234239548 
48 0.8184830739000057 0.4986676715003998 0.008594553493682093 0.7447032223886412 0.07898392819739453 0.26113768763464534 0.8676955404283433 0.4415205647061159 0.5346265738802829 0.05957413016670021 0.6968003946253185 0.6183720115888274 
49 0.48948277000961227 0.3502046734112829 0.6532885441286849 0.3313682416503639 0.4544822084461682 0.22527962505857943 0.21369347489200197 0.47851674544952155 0.14528393470835277 0.21422919660773096 0.20774579392343093 0.6060390952253429 
50 0.7000353748670524 0.68347658446999 0.4161199671012988 0.8886060473796947 0.7435986925516745 0.8969147938678727 0.7341931153529769 0.19135992710673164 0.5549436791910984 0.1378445519518052 0.8090347533795522 0.955974474734364 
51 0.29644419586741905 0.8792202912708801 0.09971144224122742 0.7264269072189034 0.47965554569841495 0.6692701677427366 0.8329459677861631 0.5631141908584464 0.06640561943931221 0.4017054463829455 0.019571893432076614 0.0010140426232419031 
52 0.04305594048921926 0.8565699596817947 0.4859219256826698 0.45028708497565056 0.3786231407306287 0.09444338353919966 0.11399483797597568 0.9860487615588017 0.5192668724042757 0.6292910943377634 0.910831707898132 0.2447408544112997 
53 0.47785212469078137 0.7704276298423283 0.027083115129321312 0.8146183850603536 0.8995321040634372 0.6696867695352221 0.32055623114126824 0.9486570832426519 0.4309831193263872 0.5111838465629822 0.9994017769382694 0.25896001989716655 
54 0.8024952027446297 0.583289056414441 0.10493686050339401 0.9210003218398163 0.46291343288117354 0.6006249301389186 0.8999923661246846 0.4505251892509447 0.42300148857836833 0.13838125203533425 0.9127758579566002 0.1676448852276605 
55 0.17147653556729453 0.8795844419597947 0.46156599041601926 0.48411752214508136 0.6889702639865813 0.760287681070364 0.42615996402015643 0.49444339709648955 0.7566751527086389 0.33050827417490025 0.2410773915796857 0.34578593575973626 
56 0.005328669824062991 0.17258945115860072 0.8070453881942591 0.8583355042727537 0.5363175989135984 0.20611384620762463 0.4114737515724008 0.009922422807774852 0.630947602797149 0.5811595951560672 0.12088020343934587 0.21088237950760702 
57 0.08020037650342007 0.6703749836799938 0.4959078660899466 0.37287559813953525 0.24139604078427557 0.6115713933259722 0.6464984002514687 0.12235213005179242 0.7511915511271473 0.008673698810122853 0.011122938192085388 0.3710975408252576 
58 0.8871342461752103 0.49224354266416775 0.7912766960784046 0.6782181134009604 0.9559927534641648 0.2573709553874513 0.24260443325310793 0.19769816971127283 0.2869223122376866 0.5531626235962765 0.35570503231638145 0.7974463076424997 
59 0.4538491104056483 0.3122903257003109 0.15846705404389527 0.21531154041854403 0.458062975882743 0.7020592128372142 0.6513635568590981 0.35999743386233274 0.4384538934670028 0.9884775092547673 0.9522434045204564 0.7864796948331556 
60 0.03517665318589224 0.2256412751439798 0.7893223142604279 0.5359747218353472 0.8435938512297457 0.4670078300438779 0.7448710745563893 0.8057294376656837 0.32848710307827605 0.21865259706857518 0.19134370486846214 0.9672196062502156 
61 0.633715688953817 0.4196582257893645 0.19121729310174812 0.1992841793418771 0.48861723285617464 0.26225786286072666 0.7435627732949679 0.7870340897741631 0.032000187557600424 0.13477936045290093 0.8892944382790686 0.25143614279641563 
62 0.6828992744954685 0.11201949760182081 0.44463935079463424 0.7767642160623501 0.5101329506623553 0.3564259433928305 0.6400273486263413 0.4830054843327688 0.6143750459919373 0.9772585081823417 0.13331627212949682 0.8365846593716607 
63 0.47356155301419295 0.02863251028821453 0.11805496381198433 0.9276205495530884 0.40597482881888397 0.14132973784685907 0.19899924253544343 0.06090029713393384 0.07801624650857002 0.028454231869601047 0.5566119921466233 0.10826099455260241 
64 0.48117224585399865 0.660133353667431 0.9071511903222206 0.5097889815847017 0.09514587321618631 0.679889327410937 0.19317605032796697 0.09512949625355772 0.936125279747874 0.5735897419912145 0.20092492933239123 0.8274645120242224 
65 0.3333106981643233 0.9705104808857005 0.9764876181109886 0.2558907137160421 0.25341986603285854 0.7781886197459078 0.31682309480212595 0.7642497434420322 0.7599660521016322 0.1804121309244395 0.9711166745834494 0.17122572771929104 
66 0.498735805655978 0.5031228818389937 0.31949437342875353 0.15675194132998546 0.1879881363109739 0.041395516518177 0.7470662369259904 0.2628795669851138 0.8113987396121812 0.28105069277027117 0.37460684855691745 0.16661566171915113 
67 0.08034999980135842 0.44603851494286756 0.021509171127023028 0.6882596087363133 0.6986439441657127 0.03136502937266917 0.6508353199469389 0.10583321480997987 0.2859293822836283 0.9925946633926307 0.21603054659108836 0.8763221247731571 
68 0.17844655614566846 0.9896258672434646 0.45232534371524125 0.6703947902398156 0.4932897679744906 0.37115798042389925 0.009493108335609986 0.20900010555697812 0.6120476049608851 0.16031755339605364 0.07887824185925012 0.8275779762460145 
69 0.5265236177792859 0.3303395646500818 0.8885694446564346 0.15699262085412216 0.7334521584093191 0.2614463218448469 0.561244563978722 0.7763459486379098 0.1021153824604719 0.8434857647233214 0.5846020063027525 0.8261491825489083 
70 0.6476873840127163 0.1543722275813106 0.9619102254471572 0.7545314874196094 0.6809250649512966 0.15032233231958136 0.09261916281909172 0.5717020217344428 0.15202147702566893 0.7263246135570761 0.4732867314903597 0.2833637121754906 
71 0.903939931054486 0.07154927448119137 0.34028631837177276 0.8653353226370775 0.18451091568946912 0.5621997206381839 0.7855013812915289 0.044606483238902976 0.47932765156452445 0.11885845582508142 0.5877889898087835 0.5078925891855449 
72 0.5606935716556551 0.633721189369528 0.9099919172257886 0.3851787559697841 0.1343401270405172 0.1730399836551904 0.41600621259139053 0.7060317592831226 0.10151296652234554 0.1497801724220118 0.6875928423295552 0.0402999916716726 
73 0.37850762311587577 0.539722755507188 0.2915869523816885 0.7631798977346916 0.8347206806690515 0.7029711753193522 0.13842590059590096 0.42361673962744884 0.28886852386176864 0.8850116649624665 0.01829727632790442 0.3940313336022178 
74 0.6440727374777587 0.7745781980387098 0.24836328007794387 0.19257545202792103 0.4539278953587544 0.08490281510611492 0.1815847993347635 0.1261475437270115 0.14237041611503345 0.20315613146108427 0.32956618225860146 0.4096001659328144 
75 0.269912839282133 0.6788999327485419 0.9367150278379395 0.01239178655937086 0.4483962914800839 0.7930049824385043 0.4638700527252051 0.2437707502540369 0.2952887475565061 0.30060884613175864 0.040412173779902555 0.6278239086723605 
76 0.8182115504242592 0.4581681711199305 0.8176021351787195 0.7696611784679835 0.5991256149705486 0.8834903989215227 0.3917808490054371 0.1441622928580465 0.3180649703651766 0.6097602968405996 0.28301447140244107 0.5056919345649346 
77 0.8735093578005697 0.2319082714373638 0.4273206880155937 0.09984777969775614 0.23504166490924597 0.36890257876490234 0.13168613893543862 0.7736785326048304 0.913640479952264 0.198634762033844 0.1674258612068497 0.7455041286344133 
78 0.6223373068282184 0.06368055122139275 0.14773310884996427 0.2116173986837529 0.5155104732059643 0.016293957400682704 0.5788609648790689 0.5701393052206096 0.936162030869982 0.932210245547769 0.20236140351139414 0.08421659282357276 
79 0.6656449904663737 0.15987633079140295 0.607000001706341 0.5675951635615956 0.24640922328885237 0.8980485884513232 0.14414142144025568 0.5893110631861352 0.26615640142099134 0.632270626037876 0.7394457117487336 0.5412126665934824 
80 0.6283397584391568 0.18310679863892224 0.28398154982311685 0.19430718648825931 0.12231537808702689 0.8320763003720527 0.08611860217611106 0.6184886015921209 0.7966274897737479 0.4911146174890024 0.5711234502293249 0.1252602468474272 
81 0.8612248685722185 0.38034302348135723 0.3550659362043722 0.6563184230349072 0.5334337705995776 0.4491603363797822 0.6216224498261219 0.46926900312421893 0.699379592761922 0.09347429638084385 0.8849695968920077 0.1257167931602472 
82 0.6278794880550084 0.8569541429578654 0.21572991527773583 0.14586271683225988 0.18377730346469098 0.33946370598495007 0.43935561435780085 0.969465743393812 0.9655588120237644 0.6541337511376384 0.23215070118847647 0.35967962820351485 
83 0.24869088722574287 0.879758226504721 0.5822406227659661 0.41841175945638975 0.18787830180824053 0.38444445603932775 0.4168194372778603 0.6631713437948086 0.6028120228479534 0.20477607663855055 0.49833080939841135 0.12101393564695564 
84 0.8547568766394459 0.09972477157363382 0.11436272488987194 0.230403295812523 0.31382502859609007 0.615934114025299 0.6107326017010566 0.4256403220996984 0.915667776444696 0.7585707846546924 0.12693314683476334 0.19291033582199635 
85 0.009179324964066999 0.8569155869714857 0.29254247369280983 0.6622227533113464 0.3213550265813896 0.021738032578232168 0.5944555397744475 0.5599500478584342 0.321045390230506 0.12477154396813582 0.9855406232110513 0.8142327338013872 
86 0.34754753504281505 0.5863849129863854 0.7802057141958162 0.17667077378817211 0.3160701297051789 0.07804743703747011 0.5886815122873492 0.10778871516084441 0.4747689326981007 0.10264682244003803 0.5073752112574889 0.9579285657199008 
87 0.31615732235851574 0.08289180620620977 0.5802182452781288 0.20141868730729326 0.6023674661207237 0.313417539322597 0.20936329132281684 0.47532118126478345 0.04964302410739643 0.7547332261134021 0.15657886634593485 0.291968570470987 
88 0.9851019759442621 0.08628530190941748 0.29335017141119046 0.7698268824736771 0.2761119385632288 0.9663134442512177 0.41490617062493873 0.9322382868586672 0.9191643051081567 0.6933616860318845 0.530689787862218 0.37100786321341306 
89 0.0034409897401750113 0.3467246132246239 0.09893386234757681 0.17691969944974592 0.8107479744740596 0.8138158907148831 0.5384439075895254 0.8835230222777282 0.37573080164572603 0.06292074003677699 0.4707268421280122 0.013418762252873058 
90 0.33322885963961557 0.053188412983719596 0.33653717555347684 0.7636058711897334 0.33511822248875456 0.4468655460727635 0.0021561156914140537 0.6469005270789225 0.9993079260079073 0.5146707678268589 0.7558248582686389 0.11126174984911198 
91 0.7376934302593964 0.10338568089826723 0.4356512805214555 0.6855761291118303 0.03439588047416232 0.784712647125305 0.7462300782098633 0.4938336559569971 0.41067439065590744 0.17408157374893604 0.7086433313812909 0.455814433793033 
92 0.5926767181093817 0.8928598327580732 0.49940823158446535 0.5598079569956372 0.6256329803974807 0.5270445362401612 0.8255626155321427 0.5093242455483671 0.6369322030036338 0.21188000555522601 0.44967459597617104 0.651361315251177 
93 0.6401367280149357 0.6209125788686285 0.8647570553486961 0.825810345487628 0.716043763377467 0.8462274679290633 0.5823742121297097 0.2070409126954534 0.36466879212554915 0.0375500550665178 0.5054296046035863 0.9661956141747821 
94 0.3776591499266285 0.6579790866899596 0.42918633358917996 0.8294804890619867 0.013100596358383615 0.1394929907278244 0.034666799534026384 0.5272867164937994 0.4809721524337373 0.17306009007029838 0.9256460070963983 0.5925327103998611 
95 0.13476190622895215 0.6928154649880421 0.03837422066046288 0.05113230587590833 0.3860869196649125 0.15503812386083388 0.6631987785115461 0.6169608314099814 0.6167999630580386 0.5397210449720871 0.5251333337194677 0.8345867836245175 
96 0.020497055925113253 0.014420885404100046 0.22933363742174537 0.9542782429351282 0.7801713692676367 0.7515454615238255 0.16021452387408755 0.2568049518176894 0.2994092805296124 0.03958507070358095 0.33750225355012503 0.3157728782909455 
97 0.019964338872924193 0.7220994974037458 0.09392220475814926 0.5717016298161556 0.4959934092707342 0.40757787965968006 0.1868446934989398 0.9152426412018159 0.9515682001941522 0.7360269376821531 0.009523901789099285 0.07814010298393347 
98 0.2296382687453691 0.2711865726726447 0.5656498824416814 0.213702341981645 0.14606727138322143 0.2626105517955025 0.3497207710727701 0.7935161888186001 0.2086013371823617 0.17376473244471438 0.3647459275827265 0.8075370683187529 
99 0.6983471873984334 0.7355386898423478 0.8590234695034159 0.10206347292739643 0.5609275296370291 0.8632435645746629 0.5158578307737801 0.9153412940979024 0.3285991485682149 0.9712750843254279 0.8252941812246828 0.3342756723601778 
100 0.5734106739824584 0.8275222684404425 0.1350327088608429 0.05835034392367475 0.5636644032845061 0.6523376419199818 0.4430077613899242 0.3106903712474634 0.41632970276666176 0.8307322174965319 0.6010067264461749 0.44503375923702343 
101 0.27331750199630184 0.0793908286926913 0.11958518189633387 0.23492977594287348 0.1476592521316238 0.1399512148882899 0.08521990993547268 0.5308687332201746 0.16355303478964464 0.1513953044680947 0.2177475733881288 0.058023365841055795 
102 0.669726987365861 0.38460720143455307 0.9321978033455282 0.8525759570645157 0.20634111555586826 0.3767127529811713 0.10743612289416289 0.677071313095921 0.4535919349807143 0.7427873649739275 0.7855011346693355 0.3095957971445507 
103 0.8008871495318325 0.8842844493338712 0.5894723878802078 0.4432407292123684 0.7664881683336221 0.9138662932579106 0.3700226788393945 0.1722474874166623 0.7310637863975298 0.46158984703428685 0.5150455425888303 0.38977084488947233 
104 0.4899929588379913 0.4218740318999369 0.5553523117615473 0.04796925487716104 0.8589536233535121 0.505278155553561 0.3766094119622984 0.4600815984696385 0.916028625923133 0.08365685410397548 0.32582404863075587 0.7235936987470433 
105 0.049799336426502826 0.6137155904349374 0.5737946403024247 0.4249814044275112 0.7855157984461993 0.30876838622355596 0.5432787677540569 0.17351542169487208 0.24136823538241597 0.5979288371325563 0.5598091290126622 0.7205716490611358 
106 0.04687889337016548 0.07426305590472314 0.01690527428704751 0.9531024787294404 0.9516469171238187 0.3469336921931655 0.020428614490449862 0.6436888781515944 0.4320341595774275 0.21095233463459276 0.724161129531021 0.20720956748807676 
107 0.5947589741975499 0.19686433860432614 0.5214432274366799 0.18848578758475742 0.9697124906060578 0.25619922249792815 0.7413943980871569 0.7542923901979258 0.5683645634340014 0.09448932098124169 0.8835445962873689 0.9869045693059718 
108 0.6137757738287342 0.13676264843472774 0.37315643693270284 0.006370177955021844 0.9766385207297452 0.22007249251990382 0.304815417198443 0.04948036434578294 0.5647390673772046 0.5661174913376302 0.9575517431518186 0.07026448438556941 
109 0.549993681743418 0.055741456955742424 0.29002067175940194 0.07367993956042886 0.6793442522474974 0.76176448325083 0.10519427861477477 0.1451765644776453 0.7506011785962591 0.6918082080369452 0.0038524934062963145 0.04728560286177322 
110 0.449249654880155 0.515280692245753 0.1875065503321871 0.3366285997875429 0.6817078914679651 0.1932168200204972 0.6875934206721876 0.5992947904184909 0.5986828859836851 0.9795265702598428 0.7680039406707811 0.8141642379939977 
111 0.38908363202766577 0.47856422234286483 0.3633901320266013 0.25542608097391384 0.42858601966119053 0.9662090026956603 0.7917186957058223 0.8005020534198979 0.2088266470319594 0.72314087461477 0.9772668492201818 0.1083369773622463 
112 0.39024690898538245 0.663520643396449 0.391175488460592 0.26121096578403497 0.21734509049067244 0.0808058140844024 0.4389530295216868 0.17910185168488624 0.6236957587882075 0.9943809992490027 0.5150767763619667 0.4214373072763543 
113 0.026269175974934687 0.038283493870024304 0.8513568646501691 0.264249000761812 0.07730993657394451 0.41322428310608594 0.44927487615724165 0.9881166459171553 0.2633550947073514 0.47327261996231784 0.5347592845100625 0.866534192953827 
114 0.53294080845551 0.186769009676793 0.3715029610213924 0.4854821731851338 0.8094235969407791 0.6995573425306663 0.23864943550139578 0.3459084937138764 0.4816628720137667 0.8787223276188111 0.12972682842275682 0.950451563998988 
115 0.8266288573231727 0.21391719326250141 0.6151645967729679 0.5224126308611741 0.12680114269202872 0.6519468262898428 0.49903802964842076 0.8766496170275777 0.05845860939610015 0.697190152882821 0.7051505165835672 0.4166590963620045 
116 0.4927988547680631 0.7786120685514818 0.583158948313051 0.5008441913932563 0.7199471628476793 0.41483445597246044 0.34572764768727005 0.38392103810262485 0.00825673882574919 0.11162376030442041 0.3136839770013807 0.0821969787792869 
117 0.27268347023318673 0.8163460557612005 0.5335251361163361 0.9730463448607551 0.3069759036740783 0.03226470337317049 0.06070719140730405 0.738876977265792 0.06113442731481955 0.14419088348889203 0.518728259127179 0.9255319430074158 
118 0.4510528198948306 0.7358580219704206 0.2815109317758339 0.301793457951308 0.9068245191433929 0.3603569484377343 0.4193087666327655 0.5675643636399889 0.4498932796052526 0.39994335076919457 0.024931647281350614 0.15578385746848025 
119 0.8095131275499672 0.6304095266578726 0.647763430864181 0.6140711615077856 0.542190449661516 0.7861918195399007 0.12553804136855995 0.698165029172697 0.6809817026340589 0.12384183061425363 0.7053550446912217 0.5162449733145283 
120 0.20584014614696197 0.4947112684195879 0.12778321373014406 0.2034958221797328 0.4479188925239131 0.1122674606962119 0.9466345250649141 0.3317802941354659 0.2687605283853624 0.3800768654504306 0.7466916671349558 0.8044678646738175 
121 0.907387440044559 0.4188188176349073 0.5802014623389227 0.16986124701936917 0.5799386409264082 0.10084278121603797 0.11426232746911809 0.06559204482526713 0.6562780048391972 0.16657016187037307 0.15770797550826973 0.7024437497168928 
122 0.14168808988007192 0.4670358759456269 0.7497088605085023 0.6852506762834412 0.1030121545237782 0.6378326652978782 0.9143325103131394 0.2693036019343361 0.05801110085375447 0.4640352525508833 0.40748476382108995 0.9726977975238829 
123 0.7797769519166061 0.6137977467971613 0.5723945209330332 0.5977013855586236 0.8495615490166389 0.45918431137294335 0.3869189934819811 0.18125510196065178 0.2937241084733141 0.819794522203776 0.8238617709002418 0.15413267021348132 
124 0.9893556187211389 0.9208875675766176 0.40462502184960975 0.7260582990561734 0.7514875774714715 0.37842009247295855 0.2220336477294494 0.4889114631592053 0.6888380043498267 0.045089253261564294 0.9723667937831159 0.3233411010387797 
125 0.5389850557020688 0.734269651356387 0.38668218391604087 0.03666678076049957 0.20772576033453286 0.0864763715299005 0.2054814228956392 0.6643130771658484 0.23047306738444748 0.918390392768241 0.41509476046183086 0.2828233981662833 
126 0.03433768410532062 0.5492107356849302 0.44635572151428915 0.764829288804401 0.43716717558005036 0.018456010239703766 0.23146734673389235 0.8463198532871329 0.39196383026229475 0.6317863015798099 0.353767102748024 7.696009404096525E-5 
127 0.5170176262248977 0.2572079188756894 0.7230047821636397 0.004929207765198775 0.9133948627724773 0.10848133366969473 0.5600615655616602 0.29949303353131984 0.4875678452073538 0.5692423840445321 0.5877702288998669 0.2181765647382655 
128 0.19942463626008453 0.031417602262024454 0.25934911974863295 0.01331283054842379 0.42026626306590803 0.5581769929863072 0.36359400656762175 0.9811411673502392 0.6232696784221258 0.09152550655836113 0.7162886442574463 0.1339074442093628 
129 0.21390908193625613 0.34308304809706885 0.310133154729796 0.43228564813023634 0.004753517942498804 0.0029800749623138203 0.3500621807652686 0.032348577696052185 0.8533338251009969 0.6832465135148361 0.17573122578054695 0.731557622032587 
130 0.37476490375847676 0.7922513301970598 0.4631744847272983 0.2518050221259767 0.2678138244409672 0.07246952557114719 0.48608294169977834 0.005109390572947135 0.07277580221207208 0.8004113981674236 0.17486877786564228 0.7452235658097592 
131 0.4466485791324079 0.17940381826928045 0.5511622273980815 0.41855220199740883 0.9889895745914398 0.8212517827124116 0.6184445704486211 0.27617266545976765 0.5274866922453251 0.17745513607196425 0.5024890532181109 0.09802697961383751 
132 0.4409317182836033 0.16792878039863296 0.9703779410314399 0.19175410476896335 0.1258271362963121 0.03419036169553943 0.8439457707065148 0.9903164181974983 0.7174252048964928 0.8581256312595511 0.6817473901750573 0.21604781939031498 
133 0.26381062725455134 0.41004917578031114 0.44319705449185454 0.1713629024342966 0.7656023918988671 0.36489167003172274 0.17137681962889992 0.014432398005476731 0.10378236363273828 0.030591408927980523 0.794000328429084 0.9042639124322087 
134 0.5769106239089402 0.5925947683498213 0.10642151384495471 0.2699719854098362 0.4977381676379979 0.4613268049987694 0.4486086224252741 0.6888596372688526 0.8797929265520065 0.37339538991543914 0.45808022474737425 0.9525598010622608 
135 0.029343731102659903 0.2551558653248515 0.023766674770878855 0.9130891114501142 0.7264075029008539 0.3344314324527204 0.7527227431269217 0.1601193091485757 0.07319461394505235 0.15434122157379168 0.6338874025830854 0.8373213345789731 
136 0.3876795139805403 0.6966399982454203 0.7090209034024044 0.8713895400485518 0.4073257661263404 0.9231995248297915 0.40403952594006237 0.1770980073994148 0.3093032261184766 0.8851623402417453 0.10561975280378375 0.8959959602514227 
137 0.8554330429410395 0.5634246857356484 0.8122427606510991 0.09173857044925676 0.14503941879778978 0.04357724563376968 0.8010668790820953 0.4672892851892827 0.11508299366726289 0.6969334380271904 0.41860864388209734 0.40105281782888647 
138 0.34083452598760944 0.22740484907701589 0.9960789437862532 0.6393792670946565 0.14568301531135475 0.9891795584581138 0.6814822817516953 0.39596790728092035 0.4536745851435268 0.7382626653897602 0.6389015803487994 0.02187597486752727 
139 0.7199488058339425 0.41276799441401774 0.5366285476575378 0.18796103141781897 0.24291664554130055 0.7385479054258097 0.4696178237315265 0.1740941343742207 0.5191820730989329 0.3690249414859349 0.3104595283929733 0.45049451279635483 
140 0.7769825624937299 0.4562246097111678 0.4114458639250554 0.15572361886557962 0.0012659046207693344 0.4859984502550058 0.9599709121836096 0.2404865989865226 0.29421594345735363 0.6993955404119404 0.20702182610034708 0.33449723960623506 
141 0.6746842749906466 0.7879589656722061 0.6093854801262524 0.4396046764062816 0.21753411739943465 0.5790388406693919 0.7677051488927087 0.3225276364935539 0.9980054982436046 0.9872385348014956 0.3407020471524849 0.023710762642920068 
142 0.005134802862375201 0.9223625338450162 0.042885396387284516 0.6705779430826088 0.9954205787006666 0.6157660684979028 0.8095751412325694 0.407683325097548 0.08001521078679928 0.5768103772013595 0.5101934670899888 0.7375324951415321 
143 0.6376499360076534 0.21068449228013 0.33553859217229326 0.017409802264125415 0.8674635259920422 0.04093801095375171 0.9911145250325365 0.999986064526349 0.4578943117011103 0.0995855081289589 0.9325937409515005 0.04518406807628965 
144 0.4969014771251469 0.15822211617529197 0.7737360088991121 0.44191231148899873 0.8504287941480861 0.7781297461808813 0.6471272011096155 0.16172457709403126 0.2928941754669728 0.8793908106029569 0.5652160312699556 0.3075776127041729 
145 0.10467791028516825 0.21108024858696242 0.6097535402973306 0.06221667915389819 0.014515240587157193 7.706460808540367E-4 0.15961682512345124 0.2042205476511029 0.5342924157964916 0.3390940009392369 0.6698358439767603 0.2076120990595261 
146 0.2510153522552985 0.33900632516022533 0.38425475167427076 0.6914746718459286 0.1253156422925477 0.9539608749575653 0.883792964642883 0.6352995051159861 0.2573692065401536 0.8150769772225231 0.24276959399577733 0.12008698842583125 
147 0.09124992071662444 0.09877031765968822 0.9553734862077831 0.8943541772247113 0.4337297336480984 0.6850661251746177 0.29911577027143554 0.044436380216512854 0.38426367909886866 0.2319072095988881 0.7707535463148124 0.010630392548960279 
148 0.5305378607480636 0.48442670866503074 0.527632276742706 0.3323378964955339 0.3109375403024439 0.08929518725467975 0.14047878750070916 0.9798935023555164 0.5569030694761982 0.61372539338684 0.7979531974728999 0.5681674580755091 
149 0.1535340046087447 0.7825612493095214 0.22275702338090786 0.5395809698964122 0.5951258558161331 0.7753900662154916 0.8423935240430019 0.5030222981877973 0.9392983086458077 0.6331863500663566 0.4087324198258331 0.5093430748750323 
150 0.9126123538124579 0.8118150941936504 0.8707950117096418 0.7143104914926467 0.03349577786544916 0.6644327977497837 0.7067839046474266 0.11015704656130851 0.2566233297417523 0.829615901136543 0.34358266041715646 0.589800532828028 
151 0.5867667273249738 0.10272552957566337 0.8447955132834372 0.22840371437424906 0.8881453274325174 0.7274646303191887 0.8751034028082605 0.24799998961517297 0.15508281514658082 0.2001418265066649 0.4194630465883667 0.08996608169760627 
152 0.7349025125888918 0.9868172648985752 0.4987369896676791 0.2655919241625635 0.0916624354496975 0.9687363981553413 0.14958784391485114 0.17131205284084516 0.07601963898920229 0.9816537000070704 0.2895075295176423 0.19853995068218408 
153 0.762628812543407 0.32276394772202394 0.6702027258615637 0.432279140221546 0.272102250036671 0.7533028900837162 0.314332272229731 0.4793655693281729 0.9389188637121774 0.364579951891271 0.6961258513649473 0.2735117383811146 
154 0.7573384215174263 0.5692195559478492 0.7873027212741152 0.11007554738931151 0.8220319638974151 0.79827584134392 0.37256669812899856 0.12634523153158844 0.06486309126927739 0.1483182784218484 0.9333506884933946 0.22779079810807523 
155 0.6822521728115496 0.7526073812623247 0.34429884193610366 0.27954986455173303 0.8083821341263862 0.6317582792664651 0.27287775312372575 0.4634877770269596 0.5182235800514327 0.26104471681125 0.5809884341709107 0.190501906090976 
156 0.025210695205318726 0.7356222210878156 0.9484837262398909 0.7814396317174028 0.7904297068863382 0.6472086138425277 0.0624719056006946 0.5647718891360513 0.6901515153862582 0.12660250445919208 0.8685769749386468 0.39401618138576106 
157 0.10885301728321863 0.4175683246038833 0.0077664352770245625 0.4731427838966758 0.5097717657960964 0.7271198939238007 0.7881708002104338 0.8043131969707659 0.4420516835753843 0.058732479155163525 0.4190039916067254 0.14882904829240812 
158 0.44505294856368494 0.5681112948142473 0.3874372928209861 0.26016790819837415 0.5095683809532398 0.8603603099832792 0.024808110042019344 0.008955175569186534 0.8888304858522722 0.4091116070935401 0.19095748267419393 0.01990153986201918 
159 0.5349189387416599 0.24400559408454933 0.0229524369591115 0.43000587938639795 0.860183332877173 0.6349250954707296 0.4948671191361073 0.9868389669075408 0.4238095144538851 0.2941778611641701 0.9062451299701266 0.7760225572616105 
160 0.18418778833001045 0.08190184068075838 0.4047969669939086 0.7326512937019273 0.7072463004366814 0.9588823273274062 0.8319945900606932 0.6918790179032798 0.9433676297725861 0.39102983643150924 0.4457506836600452 0.5834973435717905 
161 0.6130834623032317 0.571700933275815 0.8714357948928738 0.309283302917035 0.5733679100076574 0.002447498646933915 0.154202834183974 0.13920476019242498 0.03677202194958276 0.23332217470276415 0.06394228661337031 0.20781257374219886 
162 0.0846331584830529 0.7207612348439122 0.12015318336234856 0.4673046037449652 0.6974599391236531 0.3548582386762432 0.37020538880653786 0.5074575532422894 0.8261121979474912 0.7686191060836596 0.8129347887841151 0.2946004879951293 
163 0.385349875900608 0.08959447330977781 0.0444696233122756 0.15366422523530954 0.04658533985474415 0.1570921585035298 0.10746751743931034 0.010551361007452636 0.6623536979158821 0.311925569939571 0.01904679451435433 0.1213183964759925 
164 0.45677106600290096 0.4864950689803611 0.8252004716643607 0.24192586736428626 0.810650232993853 0.4521555018610667 0.8586290332111371 0.8084195608188767 0.08150010990853078 0.07200480408778519 0.07147761525363544 0.4332936353759944 
165 0.9133795586913704 0.43542942572929394 0.6327625130212703 0.11940564750063082 0.6709570647275208 0.8366294631029855 0.603359584299145 0.0569605590230459 0.09093628350685846 0.04979694391787204 0.8159787055587919 0.05058354851992153 
166 0.9555637125627777 0.5728806673967842 0.11300349055531121 0.1329222008845136 0.5224925710392304 0.49353476960817655 0.5829246831452031 0.28753490492314737 0.05986967449427592 0.9479862143860651 0.18149233796030373 0.005067500067742583 
167 0.06713212057339835 0.19701813710469973 0.7444658541318804 0.5921355166468966 0.9257767636501586 0.02702713691145906 0.3513181669352525 0.2409239016225705 0.0062334184142596605 0.583102399013032 0.4735216736547959 0.36397916688446413 
168 0.2721985010180036 0.3008436687380337 0.026743024127993 0.459161281575442 0.7322780746502074 0.24063960268473372 0.4177335915285808 0.7925167298918893 0.24535282151302362 0.8811284051619156 0.0824122288761154 0.061568666579295134 
169 0.5942362479789746 0.0026667194152005507 0.9868179365318398 0.631508819166384 0.37663420049824964 0.44198444505442075 0.05036331648782927 0.4171388877092046 0.45665027634536925 0.4099764210615471 0.023859697686877176 0.8458211136946548 
170 0.7224409346511532 0.061463586163432386 0.3170481007707518 0.1351541531388854 0.48525020985385303 0.5285929181143346 0.5637992587235007 0.3632665313319767 0.3185148490593253 0.7628955349794982 0.7111431642143583 0.7952680333805588 
171 0.015562533293126101 0.12194391322672063 0.46476730573781033 0.17674016747592797 0.16337239682048046 0.1905550603057775 0.8028419966717386 0.693305056548671 0.7118655641042837 0.4477251879179299 0.7775641913992563 0.7774752723908166 
172 0.4663146755149249 0.8936643741278238 0.4586393509230953 0.22415285703519766 0.2302787766430576 0.5338151382943889 0.9263334080614796 0.5406977460916171 0.8235682638833135 0.8155073482078455 0.247218019558208 0.13647600601702553 
173 0.5724211124901121 0.4758440178337948 0.08061430702306618 0.22476604704403755 0.9190723154332618 0.36042573006865564 0.8600496447517952 0.6993019376491227 0.5003590875575301 0.41064430902566584 0.8087533952079479 0.4751401238075878 
174 0.14030315151289513 0.2360547691471297 0.2229095821289822 0.5277869113787264 0.1513580328866088 0.5531615939567147 0.6104692500236398 0.14205100001415855 0.7881781542974933 0.2410328085041639 0.9485165482773071 0.3580452318497383 
175 0.21961857746153302 0.8738107506015921 0.5369174728245639 0.003049810689680514 0.862448094489429 0.5251221616976617 0.5073397863889836 0.46500527292122734 0.4332693404932053 0.49168030773104404 0.30791854420061554 0.802171669566119 
176 0.2959838190395241 0.22918351871035522 0.28548348207037166 0.7890192385464355 0.011729584145270353 0.5660009049780257 0.4611496763803049 0.5917471009315703 0.9853237972657155 0.7116098875778026 0.28753775305537876 0.3409240305859723 
177 0.6547467872864937 0.10794091278617811 0.1617825176222324 0.5435985296836882 0.6659669512604364 0.8340123886861401 0.5733778861188722 0.8610566343930781 0.14517982167771912 0.20339610229391947 0.31898207411507234 0.7732146896101239 
178 0.7459148494944049 0.8174537488135026 0.11695637251740552 0.08330222928776194 0.6685402928297886 0.891324637470249 0.32055382861426945 0.744762929559274 0.10410866144266255 0.4157744336615112 0.682463418353001 0.9941352287365753 
179 0.3985789369716283 0.003564582905466795 0.22699785699265723 0.6579575676486741 0.7021022191702615 0.37136683187645175 0.5713398348508762 0.8240235992089024 0.8779226039331598 0.16356647768953747 0.7762193237982888 0.8204149004855519 
180 0.5977204387595627 0.012874321534560295 0.17620036178729917 0.1315533590496147 0.19849777348833758 0.34567205251131194 0.2862547503623302 0.8192322054863697 0.4866893998285373 0.2477869838408182 0.41446057422573335 0.05213719534154374 
181 0.2943598928735588 0.25160006719086647 0.6158989571050377 0.3030856452199789 0.6990187175764004 0.3353175455603284 0.0664876833029957 0.7425526946867711 0.7691791897030834 0.5668338583259694 0.3870003920154244 0.5974585037891437 
182 0.06740352490081289 0.36136948923101275 0.4473847576982874 0.836071450088582 0.8518895252928966 0.1674997032521557 0.30732370707238266 0.11357643757110619 0.5862376265828783 0.9254976436209756 0.45251696189514523 0.6278767225794759 
183 0.2344240292524397 0.6654347254907812 0.5139425210292244 0.0925267808719063 0.7174303284701045 0.24973012427521799 0.2840136513005801 0.8466152096738556 0.10185734388641848 0.19771990353008087 0.19849638483835066 0.36362458446249923 
184 0.34778386558403385 0.024796286944834968 0.7340036903480228 0.0070153394119232704 0.6011393364472258 0.7267495470832733 0.1288639561949075 0.48546792998116844 0.4456534543486056 0.19538578221690206 0.7785427436139615 0.7425379996465695 
185 0.030432422314190164 0.3191108355374022 0.3571202939619631 0.6752861139156346 0.7545738467903574 0.6181041076254733 0.02174528615673743 0.13234162227713703 0.43590153604957926 0.9227949054587744 0.9976854341722575 0.1403414085013387 
186 0.8975202605005392 0.2037027643440184 0.7415748105194835 0.19908539875910158 0.31462566204035464 0.724128798943632 0.31073616788602465 0.5067578187759504 0.16142619535268912 0.7588159631474524 0.5828072246371259 0.8757784306592242 
187 0.6226930406472068 0.14202555182871493 0.7391935296186475 0.47397257771160467 0.9314066496880633 0.5519065940849164 0.34751489682808556 0.07484953739229293 0.9942318671336307 0.6333193016334606 0.6545302372353412 0.009620316626837868 
188 0.41188561897669895 0.2661509430893754 0.3143912473057225 0.3246875429270637 0.9771630121296653 0.349084730105778 0.5103270890652383 0.2240488773699213 0.8717200270673218 0.7998876386213527 0.6188799317026565 0.32882988515720546 
189 0.6527958494501505 0.16946439609128575 0.14407429892846477 0.9703892190266039 0.007103372770825129 0.08092160511711761 0.5569860690111423 0.1281140349963754 0.3733913472735172 0.39249315895200976 0.48088834905845207 0.010163419902063773 
190 0.3839654950201509 0.48959446662009903 0.40237352685077143 0.4292419427233947 0.7786215241319825 0.5589059456337145 0.17673284354925536 0.10178362084202724 0.2559665839185552 0.012715426115570212 0.3522980012122296 0.5023903804331534 
191 0.2616144211286112 0.08128766007702427 0.39112056608920226 0.7270436910935189 0.43649930411093324 0.6264429607632357 0.23216621780593258 0.9346239282817078 0.49841742026147756 0.9819249177503164 0.7152491333072537 0.44109705589002457 
192 0.9590931568138328 0.6896647585753306 0.42192103699454875 0.7051747890714222 0.8512599248505386 0.43762974010498673 0.042556185423866966 0.34900446301528676 0.6159665013459334 0.654883041209365 0.7350923444886026 0.8729779418710241 
193 0.1439052120622397 0.16806282762703215 0.73127299032587 0.577279623718805 0.6631792909288079 0.9712957328332118 0.2242846963329919 0.8848061371007891 0.5340293292919304 0.6308505751696788 0.8677786341281593 0.6378883143226548 
194 0.018640501949962893 0.8723726891836541 0.6540240246655508 0.25989198358565635 0.24417821625803002 0.6341381312677105 0.0705340838803927 0.23615446947364072 0.9038270515169127 0.8456281418305706 0.7834425984852234 0.8819950262367512 
195 0.9753289106218042 0.4095702412753734 0.39533265842994253 0.061629204413342034 0.4816869739471091 0.2589237616946154 0.5081994748559299 0.5514316169932101 0.09529006475642428 0.5716374244360993 0.19242934866561978 0.7936908601478 
196 0.5827203863213336 0.04543926891001911 0.6926045202200729 0.42059688262612255 0.7189663584907006 0.09668122980056057 0.13507625215223817 0.39448329055081033 0.14980820740136344 0.1830125868134727 0.0031922571078194946 0.020547806910264223 
197 0.5207785527005685 0.2364509606778056 0.6779415214836653 0.02730104492973 0.4239780367669216 0.2309366297515498 0.8676254957589796 0.4714964705954882 0.09734170761987775 0.38079804757999164 0.8614293127814193 0.7287197389849949 
198 0.5709487749105135 0.632679269635685 0.3916462271447949 0.7930415164015995 0.9653902875489675 0.6550040957434168 0.18128296670957936 0.21578354479812534 0.34732237185730874 0.2879721220367813 0.44522270161823785 0.4386589746693101 
199 0.36883165825364894 0.8294813439311364 0.05560742088959608 0.9011858997837499 0.4496495323929806 0.834500811231883 0.8359782968108497 0.3782850363563516 0.3747764345108896 0.2468020817764473 0.484247231249383 0.8151381103046607 
200 0.16569801526161748 0.4023761440659559 0.08294417276735032 0.8441051580687794 0.7064180518600313 0.5273448691324305 0.10238486472199029 0.5271207189915629 0.1340176412195304 0.6080367290940812 0.3833740070645398 0.4212311057467671 
201 0.5564206576972439 0.5440329797688456 0.818886896823572 0.6160708499592336 0.8833473991133991 0.4195650039594024 0.28926396175350627 0.8074514832594808 0.19402068681574702 0.35341057624029787 0.5814025267183596 0.322051779654729 
202 0.41240723320568035 0.741560140716983 0.7737099804780394 0.3491407325199707 0.36857204321221493 0.29138146288102657 0.13563072539079246 0.2652549092866795 0.006193456579288802 0.4323422590921323 0.01578573905091098 0.2771011966335203 
203 0.9758208909775443 0.7269090155975729 0.6302975549002888 0.03761164209864156 0.1548094374832345 0.47881668468686023 0.3865052274679905 0.5443577496571301 0.9502750238394537 0.7672923158425013 0.5133336853814431 0.11058191413583512 
204 0.33432697498005237 0.18605849248119946 0.8934951950573361 0.3384500106175203 0.005525802215316319 0.18628885549367702 0.31928599940536384 0.6999614713444293 0.9193636857817813 0.7991139192864166 0.5314937226307591 0.38765809603874624 
205 0.981359459367477 0.6247019312188671 0.6181706437702218 0.04691547180347523 0.35376825408571755 0.9366869802874833 0.410333145940214 0.3723384082217353 0.3522469798080987 0.23604864857618266 0.3990724298794288 0.2826396326572375 
206 0.2698819235328921 0.25113873006252696 0.6888216362705675 0.3733901806702086 0.47687400121073953 0.11442378286542405 0.09695304876830974 0.338023822999555 0.3560359936868327 0.1673330144702516 0.732789544970872 0.3792961039230984 
207 0.7928878043129862 0.02730200764892467 0.5398926683878742 0.6422673881568775 0.5270304050296741 0.16165281521320873 0.7546468066693763 0.8463592304494446 0.003495525538014016 0.9281035287246109 0.09080318418503049 0.3617950778318456 
208 0.38585524179570274 0.6046835968899636 0.7564014147173711 0.7871754508847811 0.4325993510837697 0.6881959185046568 0.38854002815605815 0.08927428405211486 0.22848266664936 0.5204012525241573 0.5220905967163578 0.43038207066498574 
209 0.9676114641189105 0.015512609255719597 0.021554479268810222 0.30042777698689344 0.32840588253632874 0.49959769244326147 0.9194531672370195 0.7339805465008583 0.0643681910721794 0.512267628544916 0.21167735505272847 0.2671940459033278 
210 0.7360740223749376 0.3270515689137471 0.32402169895409527 0.35089900930821943 0.8007521900419159 0.644551464919279 0.1408885863686459 0.6582592003618426 0.05280146521230111 0.16385048042070569 0.13252557035459905 0.1869730412106061 
211 0.9441496988891815 0.08629969558458304 0.3714381855565632 0.36775634375330296 0.6308147050400801 0.4943020587668738 0.983709287590068 0.6020529320617918 0.2876426228679019 0.8499764049559179 0.61027150016956 0.6066923830498389 
212 0.8791747768698237 0.7721725967546306 0.08721599081559074 0.7327706075357311 0.22652167963852418 0.45349870966659867 0.405592032718983 0.32026726182702375 0.46485501706601445 0.14337947012244767 0.015753463319111052 0.7081722759244053 
213 0.04937546446745069 0.24720158015060928 0.784784331842523 0.26550335815244397 0.6094337656393615 0.18668785866570262 0.5590858099322081 0.9209099720069275 0.4425377514718282 0.30975288816862184 0.2825326014721356 0.5355299529083415 
214 0.9334180118771094 0.525347469883114 0.1903968721421605 0.6261713658844646 0.6415314541967835 0.6434366351794881 0.2563098309059309 0.39315697518551884 0.32997633576911084 0.11099092808714613 0.8867189553015695 0.13581346352649118 
215 0.5784304621396121 0.19923849420856327 0.12320224326945552 0.26691253254929237 0.8648139181018809 0.9598166759705926 0.5505801315416892 0.07570439139261413 0.46292321211192283 0.326710113775386 0.9982817336149297 0.5901523409600761 
216 0.13707686610635625 0.2788905095023684 0.6918881598138952 0.1542230653066118 0.41387404035565195 0.43969526821143085 0.27529963925708223 0.1230376549298871 0.7502939811578696 0.51865042790185 0.4126654059595742 0.05080347911759593 
217 0.2489841398937217 0.1520175585518244 0.2719038199027611 0.12686606302833603 0.36006730600820286 0.04692274423776734 0.7765558881488305 0.8136157312421654 0.764217933506133 0.1844411073127455 0.6637136663715939 0.5780240349714321 
218 0.29895678599011766 0.75025360482145 0.4201991822706971 0.3598866029192968 0.24642526276233698 0.5229394868167999 0.5032759484030663 0.14686185244830371 0.8082315004975359 0.5551797323082736 0.1703315103192288 0.28407493651507615 
219 0.025550384628883465 0.1742742724695425 0.026092092152867476 0.4974675224268913 0.7823120877779854 0.13609650572618634 0.6281195581854615 0.11729064231350189 0.4171649278439253 0.5473771116397128 0.9449677198792374 0.41875577801378533 
220 0.9723412991194885 0.500567609088448 0.5008672748157441 0.31163625517438565 0.36415817928707084 0.00975320817503527 0.9693862058150613 0.5217106333201443 0.2184442887273309 0.9176435061868565 0.7562760345253743 0.7390727981715262 
221 0.7646137791335912 0.7602524345174372 0.3473041740617567 0.7098303695811263 0.2633558348825131 0.5152313712594845 0.2639779172195458 0.7058493169242532 0.8064552385028713 0.1874836780275442 0.24627819153145114 0.15919202600216942 
222 0.8752188753900163 0.8181044041460708 0.8704135889903637 0.18355061349241011 0.5102896902524562 0.9635014372391439 0.41525107240240045 0.6081831227097073 0.6557765421526787 0.5312830054132427 0.029078277892802117 0.22215084191553278 
223 0.24175018054741051 0.5989035063646545 0.6892888594309232 0.5935686253792898 0.7488674931584973 0.48370490567890523 0.8140788651124103 0.6692944763697466 0.7965832097845602 0.7061341687465649 0.8678384784518441 0.39896611676149185 
224 0.1542391464913005 0.01495394171002575 0.734498473591301 0.6845591688407129 0.08250186447998978 0.19234421481963143 0.7595407384026854 0.4891966985537821 0.30973392733038485 0.10707300168632787 0.6663227822460008 0.5069262197957651 
225 0.36420334372094937 0.9238341739561241 0.6825897739207814 0.28433751203882224 0.3197826616982027 0.0734899670969315 0.4080256593092293 0.6025145666965587 0.4726978956011747 0.8771044400891461 0.8625566056355723 0.400919200202188 
226 0.4439702148323647 0.27060270248077345 0.5583645596979371 0.1450349659520843 0.6932446240390276 0.6219741585069317 0.3893073954851224 0.2803401288829961 0.3868957535425711 0.9585249850305738 0.3336870799973454 0.23313203528890783 
227 0.5982494802895425 0.09734386631370015 0.9962833661943171 0.1391542290688694 0.5506951317353154 0.022686678140172487 0.756831760950103 0.6148129700923017 0.5883504088783579 0.10504587541014362 0.5448664842508185 0.37888920645158863 
228 0.9120408278670333 0.24212118358658527 0.9360200228226668 0.5630820703949552 0.21348925917804662 0.997683576095827 0.6673857941897406 0.39632441828597903 0.2483474277463862 0.2031702327873212 0.6643046278264747 0.4649100547817811 
229 0.3959410247854445 0.047286921053285094 0.01031055958797138 0.6542877168944065 0.016392561489686788 0.7763727930002704 0.6125143885550806 0.5059721585002989 0.5145926905930409 0.6496247696987084 0.013073074085414077 0.28534307105718176 
230 0.30463555974034096 0.3588965743635794 0.855446792637985 0.1367572603953453 0.11638735052852953 0.20057449985910167 0.12783741687095526 0.14042148436072788 0.2862711367191832 0.6645589744133661 0.7429607858220615 0.10470299981111758 
231 0.6015467687862976 0.9721050900577026 0.39466947515241785 0.12477595606228765 0.39159761420772077 0.5347147057406212 0.3009239960810353 0.15523973909627253 0.23788520942885738 0.43454716447746145 0.858842173438424 0.17591574643240765 
232 0.6578050508443726 0.5473113425222828 0.8258322044276909 0.6327036151244065 0.04138761383825618 0.5555178060204147 0.6395144212043651 0.13942604275482706 0.8029466346277723 0.057937371438441604 0.654884756594043 0.20936207822039932 
233 0.37731855648922535 0.03240141866672887 0.1006357648372484 0.9374362777118214 0.012400676523556673 0.4225386527408842 0.055965152751557015 0.41106900539466434 0.2705197027346287 0.7147654574800038 0.08363781900680323 0.3823273825930158 
234 0.9534519047668528 0.05625800303023932 0.3671005832519844 0.6758168976355698 0.7493830495369873 0.029669379208009584 0.0583129187701699 0.7812870168974212 0.2514855623801692 0.13832905362046263 0.05858842874484367 0.1914185480659687 
235 0.10961493877062083 0.6884691690333932 0.09441669684634627 0.23192774301821018 0.5176739945855969 0.017815683781100957 0.5356519352577063 0.9018766160498164 0.34516860726451265 0.5333590891589064 0.3033896809097354 0.7625589298200707 
236 0.3260934525934755 0.45095510471349853 0.3105341225981916 0.29841713292810945 0.415072154131132 0.9727980320413465 0.2830182521198631 0.5040096565338663 0.7945494547668552 0.4011989537275598 0.6534824676997638 0.11293615318090637 
237 0.02143389702894911 0.6450105615428607 0.5231665334389888 0.5567562781247382 0.04587812977431357 0.15717270519362314 0.742273664477827 0.5059187976312145 0.5599081441125195 0.5305300463092186 0.46266160200582856 0.455296242983848 
238 0.34808823908013586 0.392164502575297 0.13234749648388144 0.9578929935494152 0.23634177753287053 0.4199396419547494 0.3493028110203327 0.3625328758463254 0.491293064394079 0.4539795355332892 0.7763218025163725 0.5692749306849402 
239 0.13996791792313684 0.6529839355779723 0.09071631788188406 0.7094895160474919 0.7483307464019381 0.8091410505639736 0.5922160075060384 0.08208597506933686 0.28205706655475193 0.49012088890065314 0.043836713105555605 0.9725119033047824 
240 0.29366606365177617 0.5770280283937792 0.8073217073816622 0.9163727126960124 0.5343339184919131 0.5676054958331685 0.4356907621629709 0.15322585538389033 0.42276977345602856 0.25077425002976056 0.8854253092524857 0.8255457025696669 
241 0.4994253847904097 0.2518780670613542 0.39220610637425457 0.9467356076158826 0.6524129463251139 0.7753117577516421 0.2677497876933351 0.5457328148243967 0.024153924477511548 0.7739869046117921 0.8015349073407975 0.1517308325221024 
242 0.9168373515040689 0.014984131495899182 0.11851421758709471 0.40460697073734664 0.4263078282347298 0.7390318441161579 0.09825410840093368 0.07836795579762602 0.4847647653283404 0.5919011476283424 0.524725353376856 0.04429708634592558 
243 0.875199169343259 0.31752940955222414 0.1553687394655541 0.35384209152416723 0.8168656578436333 0.6248783665679261 0.3724079134457436 0.17817710157359173 0.15940623801795792 0.15000501337037886 0.43403086883327896 0.4509546719732707 
244 0.38770409703845504 0.5174166160165815 0.7109627178037473 0.20990299615134037 0.8129248702751964 0.012105249665322625 0.1314699148083838 0.6830382320612415 0.5903572586560194 0.5332032937881447 0.6335360048116155 0.14114228676999088 
245 0.1048854893757967 0.035507105673344495 0.4545524086935352 0.9325541669582389 0.8848677433586308 0.6238172624735856 0.05499366503246449 0.7368689382496123 0.13845845301342372 0.5489580060689058 0.2026321532095399 0.5185338516254007 
246 0.757322628217172 0.10111321290035907 0.9168189278881509 0.35603105223502035 0.3176833951228791 0.6361197258326501 0.28888091904719426 0.31084084920457783 0.37199063193825055 0.18374900931631954 0.5669711612275853 0.030351754393873207 
247 0.9032185372893984 0.6581044962070568 0.909854388590294 0.20676766315982983 0.33475996397686486 0.4424184642862146 0.48909016971044744 0.10686454745548768 0.6053424817939187 0.42741993142928414 0.2116046480907294 0.39808431306071607 
248 0.7412170517152031 0.2590135879180747 0.4806876103290257 0.26387881437467553 0.4302287263735433 0.6177269687078883 0.12753420691034495 0.3007101652597584 0.011614171153941802 0.8969791619717983 0.181502284912194 0.5419441025211762 
249 0.8935414469804235 0.9031478063682022 0.2621371145757973 0.25138837019535326 0.08445303768721886 0.44920097359521455 0.48973936330764317 0.03096630815259647 0.22433851530845061 0.22239276960001056 0.05681383758873244 0.09015557279259266 
250 0.6144211998398396 0.3337233705546991 0.21833291404210048 0.5620975025107298 0.5588649340207895 0.37036004821206636 0.3992716177717895 0.27298475282047885 0.3088268281993244 0.27385947042730857 0.19422864173098633 0.7473585892803529 
251 0.36394490208963226 0.6567467815092757 0.23774154054318516 0.020816968425715548 0.21844179381754206 0.45738771223612823 0.15234717161831948 0.07007617481533425 0.4444523557177419 0.34799763666143224 0.8089362756189412 0.04468650660066311 
252 0.27750864722735036 0.262241556385416 0.008250524926200088 0.5674768781949424 0.6942651438734985 0.16998494333669129 0.738875927621676 0.5044620445743666 0.18762367502426663 0.9402788145268127 0.6176954826563971 0.9613661969794738 
253 0.9160462749999928 0.9620789626121683 0.3489802146657537 0.494637625435802 0.7270305768824972 0.006065114982379916 0.04008026546810036 0.7623416825558521 0.8428613090835416 0.650731893443353 0.5266097300452359 0.35858502829079575 
254 0.7466568811681835 0.705073570884824 0.23893259482380586 0.20920252286995106 0.5189978755209038 0.8908942773352472 0.19596845779869232 0.0375699973832964 0.6806924131228131 0.21431821878256738 0.20370977873184182 0.033434135753863815 
255 0.35066300357527797 0.5763900918452207 0.9648518045106691 0.4819913047615174 0.05928134812116845 0.6513680084579799 0.047902341998839235 0.1802075583741148 0.9222057130607535 0.6021583149980761 0.7702635538113177 0.31708715326815856 
256 0.3450683954902833 0.4471968870137011 0.5754114741839615 0.9494461604221685 0.8208676176406342 0.2967469339990043 0.03082408145487865 0.7805191182683441 0.9627077975351087 0.7748875407707897 0.19228563539619858 0.8532071963268686 
257 0.8607869306040163 0.8990852621666623 0.0619044571951512 0.10636094743143236 0.2411839255245436 0.12573221605457952 0.05523782303466151 0.5664822371292256 0.22392686653878574 0.9277362866622165 0.09190667749471008 0.8345343222764404 
258 0.6428344978877503 0.28721896501678906 0.5361363115074154 6.355316197833823E-4 0.4135286692773808 0.2474895428482998 0.39676976551533005 0.6616066946250142 0.9311334210242054 0.8074446063099715 0.6064111331105674 0.15504298402695801 
259 0.1622184587960038 0.2620645866240288 0.9412523348098847 0.490858469752379 0.23441447823070968 0.5756961362793941 0.07973023850956984 0.04964916811806032 0.9921397203627288 0.6407620768805191 0.3225061249855163 0.13369356910093633 
260 0.18341189114182183 0.06574772171475543 0.4056925066050534 0.8345235120115992 0.42122582468861053 0.5250794980496947 0.11397090341835794 0.9321946901860426 0.942216033900453 0.16175966351050358 0.740595123101916 0.45942821981298493 
261 0.7934636103115305 0.6768859867310699 0.3274640291071905 0.4997503137233592 0.31202507374668853 0.30174560552609475 0.6511447817331508 0.8776607491309856 0.45103099054825335 0.05108309301115068 0.7661108533095223 0.2654088163783692 
262 0.41298102297396383 0.36719665478111846 0.7681936776039864 0.95025666646892 0.5538015966211105 0.2904305917769666 0.10880919775591805 0.6153072064977384 0.25739824449235277 0.48447109499480484 0.7615193993907261 0.017510553886222066 
263 0.17964750712842498 0.5394299255791412 0.5870242224669142 0.621827837810974 0.6519301203940484 0.05073007571746119 0.13857630300387724 0.8055837342220447 0.9041789955214209 0.7016101022148221 0.277729142508954 0.45325115511999026 
264 0.1043915018318955 0.32000009816096675 0.8345336761969732 0.51809773344762 0.026101820902014822 0.03902577173025361 0.7087538504583036 0.7254994856541792 0.5959581618690747 0.7009823233198943 0.9898264016006268 0.2534031752043317 
265 0.7959199776538552 0.26543389108589616 0.22890263622310228 0.42173469548110487 0.44935613712379063 0.6760068103432295 0.22610919499800472 0.7766486223310309 0.2522333137471548 0.426625697642539 0.31543098062907177 0.18791330860943448 
266 0.2922113278712913 0.5720471916722931 0.6711612725250757 0.1857241924104731 0.637131641972633 0.04043253228234787 0.6812243238275558 0.06815433778415751 0.28418817328271934 0.3233371317254488 0.8210671123850478 0.5163289290760494 
267 0.1223613676168421 0.22337701813115934 0.5656620851836526 0.31614302815446205 0.00239877671315162 0.9313708480378957 0.2532270529825353 0.5788291431707053 0.3264896781843533 0.9035639300808614 0.1595036968353467 0.16927438707486434 
268 0.06781768880853165 0.20942313781639402 0.03789715267990243 0.5966901883967259 0.5701863467141456 0.25419174052499155 0.5572828477191958 0.23427758940834545 0.2800156874731931 0.03513422816868969 0.1288039905383809 0.2981164267977909 
269 0.4158495514156871 0.8005241603429201 0.5121585228193721 0.7404047100938466 0.4082551258320041 0.23203669572792598 0.9007964162654077 0.7435164913153071 0.6535402506718371 0.15218700544917704 0.26903875235528246 0.42210388365185725 
270 0.36492152100968717 0.40314751655880604 0.4202515193917216 0.4284791321161153 0.7422826557115549 0.05624171262384675 0.2771187579096698 0.38454780476006395 0.760913481747194 0.7750028976538846 0.22503210318109346 0.9050530657457426 
271 0.7837066662255276 0.15326783572983163 0.1467590378730122 0.3700985633111613 0.09418942817535335 0.6308997987177437 0.11475235632971438 0.7794134566826384 0.22958433253406327 0.23276424050081587 0.3354475828183404 0.461176454782866 
272 0.5648229372513928 0.725051623962463 0.9246968255547263 0.909676086237162 0.041378508501402025 0.8005373017292282 0.6392759678492229 0.556914115642815 0.03931002076365355 0.7357708245717031 0.8753038539207402 0.09243359650416798 
273 0.767648597096521 0.8920677061984084 0.20219576481546755 0.36575325956776555 0.015788478555903734 0.09431544609891136 0.14188779137634933 0.7450405335935397 0.9200338468172169 0.33811336693377253 0.5584483813173733 0.7015261671856894 
274 0.6465951714642565 0.48600622426127654 0.6564063749158343 0.2718338387782935 0.8448865237255077 0.5004839564339482 0.4021466703066871 0.3858162474690151 0.9987003122032723 0.11628568265022875 0.07426225545473462 0.316502013494603 
275 0.4469885571069183 0.8711262654074049 0.5959741917101284 0.3806509275191613 0.3922551471508967 0.32501855643416494 0.6833955960880175 0.006581237231781145 0.3028502057438675 0.09609702749438258 0.3718801390938186 0.6239628464551443 
276 0.3207523862587513 0.7652631297021953 0.31906254593049194 0.8219979307568522 0.3667978181514497 0.2924743325911392 0.9236171713071523 0.6774259078694017 0.3158175680586413 0.24002458805328897 0.5158091469428208 0.28073909877090963 
277 0.8426692833963927 0.27941075746869654 0.38518087191430167 0.8435819462401584 0.27426976330161296 0.09762187968495704 0.5388081812709592 0.7500023231899126 0.9481490196105152 0.3320489277181258 0.5594116972256071 0.855929875969898 
278 0.43671326136900324 0.7187146409964036 0.9818157590967883 0.42953766919804126 0.5890580444784299 0.12161182473637383 0.11623668199259031 0.30609172719737504 0.9935314618038712 0.5510528161393741 0.5652601714635225 0.06756883020140415 
279 0.8120448312443129 0.9147235396537359 0.17101513661920612 0.907736161376051 0.04404530131717746 0.031461023709294086 0.8944267693815687 0.8951450306567017 0.17812766624380474 0.36890770788153365 0.7404249743169975 0.3856371112856225 
280 0.6389963337139443 0.5662775498478421 0.2180104130644657 0.9320251150804681 0.5544318341809938 0.7930321947769211 0.391339684137198 0.4975860343078505 0.28350415093202985 0.4547695384526771 0.21056438868113442 0.6976574752652279 
281 0.44798543059244716 0.9104728134935949 0.09277735141784964 0.22261332223982644 0.7829052764683555 0.027962553463219953 0.43593479636837046 0.6442988804355736 0.7016555193384155 0.44073792422346253 0.9989272673475402 0.7870767291230426 
282 0.79347108656194 0.6039400339751188 0.24902128149596753 0.904168722846864 0.07524929941704901 0.9290360073719695 0.5878890117560545 0.9228753699669549 0.6390997752347907 0.5589973889500617 0.9628095631917395 0.8398556992137348 
283 0.6953063107916007 0.4657463117747209 0.8016927404604361 0.635876458941188 0.4353881664680966 0.7000268221510247 0.28213399081958485 0.5795308895940763 0.26706621823325 0.6490837888795608 0.36670195236535985 0.7614637525917957 
284 0.34042008014963804 0.6648416488730382 0.5396747531688273 0.7474573180553008 0.6740002540593681 0.7984473778561175 0.6445345784697202 0.04372852998746596 0.55708427512682 0.5167843283711875 0.6728555543830549 0.7685271466498442 
285 0.023560515379171983 0.19924510707188636 0.41465150723856903 0.6597432899424261 0.8166420331200683 0.16675769820210123 0.7174775649734203 0.6946614711482393 0.8876609692986067 0.5342233340312597 0.0258308391954517 0.6167487932440501 
286 0.72247637165165 0.5864155779285413 0.4728570106730098 0.198989599141491 0.5517182050971701 0.7541206979142208 0.2750629265297235 0.2498828537700093 0.9596665279277771 0.21848930235607958 0.23324778189681253 0.5720063575502284 
287 0.49051779236482956 0.11100043408605324 0.9248778008580454 0.3947285491629328 0.5600715618273414 0.8227416226683528 0.6400879473573892 0.07636797352119104 0.4497446318628296 0.5655517572791341 0.011006405667189334 0.5258505553451119 
288 0.2317916886274271 0.7878103626313714 0.2809831371351932 0.3174061559587043 0.3686944914640428 0.40849774684924184 0.27759071512951544 0.456082899620399 0.5271847111053628 0.5540812548403463 0.5489330917412396 0.47294816200760226 
289 0.645790240099413 0.4763840655296551 0.9154427830356001 0.18193245859526724 0.22945455248787724 0.3423891393296271 0.7428581456386252 0.2468900053583051 0.31710721227458666 0.6472474366922707 0.8670135730542257 0.5052065013518502 
290 0.18230541087417587 0.3014712632958138 0.46101002204294106 0.04503775475354857 0.5696204605418113 0.9401493787961993 0.5720012463076815 0.7864903015461447 0.6877934837221837 0.8470183333994791 0.8187014108730024 0.1835096309069168 
291 0.5032594381039904 0.3905450222715538 0.22324125135013353 0.6629677136881941 0.7033608631440179 0.8927563928367604 0.0885681555191155 0.9229938682709876 0.5718857105679706 0.8672468784673221 0.7703794863064858 0.4406169166668384 
292 0.9039135586708706 0.4742144208582475 0.2413946804799039 0.14509203689998315 0.5085211065752683 0.8808434922610922 0.9257328881190809 0.5876290784149575 0.06295512400546145 0.15890775031460755 0.7456936859766117 0.4629037514556474 
293 0.031825776817268815 0.11881517322847623 0.672626226195007 0.2498629917582519 0.9458546497485443 0.5454391422798286 0.5143184129060018 0.2839612989789464 0.5828545953549509 0.30054077908796223 0.2164508671258849 0.17543037928614502 
294 0.9816656247073993 0.5997263160920046 0.3023381207895951 0.32961432313713657 0.720555419924451 0.5269423429080493 0.8653305999846941 0.6177872891455349 0.18670116522903993 0.1110413817340176 0.6383007014545187 0.09176697224624923 
295 0.6030789587336177 0.968372994511709 0.8469949834982969 0.753557044555766 0.7785144247295963 0.6144193808380057 0.34574777313759597 0.18551761068401387 0.253898630291818 0.7985066684984204 0.6258651381673365 0.8954422423411961 
296 0.8753975013964888 0.4199723576861298 0.8363257091139997 0.42298580573412115 0.817781385461031 0.7510574063301442 0.9574653779369954 0.20018201977488168 0.2944702890459601 0.5870156603118747 0.8234153275124655 0.5079303219578098 
297 0.07971423310167994 0.15602545750897492 0.21911479960624977 0.29992070637124485 0.026300598395190958 0.487596167094606 0.04704861135350423 0.2529356810229522 0.8587254429221418 0.6763186341665178 0.5447351524062335 0.3331268902724957 
298 0.9247449073562484 0.29387781535657154 0.57480550517272 0.11719715950370573 0.4721638319708362 0.9652821463269028 0.7461947932814443 0.15323125010278052 0.04494205159802864 0.9307536920668011 0.34195165978809805 0.7634121792959007 
299 0.6855719713331232 0.7144825552663459 0.5618440174118797 0.12886103308166671 0.20438520961769108 0.14079060914732947 0.23011704796038182 0.8598751566119975 0.6482394170789044 0.5725294954986629 0.223538501994053 0.4807240857511024 
300 0.03727064779581792 0.041094042375007224 0.4256671661893563 0.09428436777827895 0.9217839298359272 0.9096613675372305 0.80372513120347 0.6508286958041983 0.44321218395386097 0.1294654814113483 0.06928502508648846 0.892382322379419 
301 0.6915976249124949 0.46892215844065593 0.03648164283455242 0.627763451943531 0.14549859634241893 0.8438165826552372 0.21436362443139584 0.4375756473336798 0.5513029214505005 0.45773417151812096 0.5215933167300956 0.38058660364883434 
302 0.6877450133905045 0.8560503059200049 0.8614531667407123 0.2136059276954028 0.9017866355430247 0.022896092128092484 0.5224216549198122 0.4282884119081623 0.08530578553434867 0.4182407302014428 0.6987892454293902 0.10252716083239345 
303 0.6768017897596558 0.0971799602597028 0.010430455363911868 0.29235665022338525 0.7373932539662553 0.13260277954971506 0.8798190345639207 0.5373706037844386 0.3190546447887885 0.6944746485317659 0.22139197981044104 0.19642892537984935 
304 0.7296796699227752 0.33404248950146165 0.6537109675371172 0.14577254578831123 0.4878514876593555 0.41913425456740616 0.8198533537725806 0.5498506440339981 0.4548027677165001 0.14118752701804432 0.7831815673220148 0.9872871989638181 
305 0.27809902792258856 0.5453969896036516 0.5189343416807038 0.6553412569109905 0.0387101282948376 0.2559777094068344 0.41012350500180816 0.9806459474316531 0.02838938011815292 0.18922461679949967 0.7729654260084436 0.40923258138766067 
306 0.12170848094470407 0.9002347109620414 0.5852931139949481 0.2387938106116791 0.49445951130999577 0.9254613635632238 0.832777461625998 0.40159927088367786 0.6911606147506859 0.22179921824045135 0.476711825593212 0.7052948492281435 
307 0.2517816965736199 0.07992115582345634 0.1332096023975085 0.8031530090721866 0.8279539841448887 0.10663548958892488 0.2839662809209177 0.23495286782969227 0.05132387158126206 0.5386033026631348 0.10144274334906118 0.181703941552037 
308 0.9792067103589197 0.31702146361321754 0.5169651087041744 0.07421413086070212 0.13541856506211783 0.2161883655076633 0.2542572110539107 0.8459676092504471 0.9487509706834552 0.07128041569663823 0.32902328759982613 0.1534273319826375 
309 0.7390727549730376 0.5713552659279683 0.7538048870087957 0.3256870102122261 0.05530195252848939 0.8024498712675205 0.5126024475710461 0.4283071541231001 0.6754123823146004 0.5909837606321665 0.1212240829584844 0.24108330753606397 
310 0.4550480458154906 0.8218596851189196 0.4630546741159327 0.02298335807478552 0.023549425728243378 0.5086723105652845 0.5960106855278906 0.1599696882646927 0.42921224452564527 0.5463496461230516 0.7072944372077932 0.524944537243322 
311 0.9134825820819568 0.5335690251699292 0.4645114502100922 0.6013473809300199 0.42708815494556573 0.9817346453695056 0.4921972141606845 0.143096447446532 0.18569177818529176 0.6809277464099543 0.7816180012034866 0.36661012997688147 
312 0.5493454855048203 0.603633038812924 0.04135536579253748 0.5231620673336835 0.9239267614520229 0.49323624745260247 0.12678258339209744 0.5807209092410955 0.1433206190997945 0.7940861121298984 0.1823587461646529 0.9259876632691186 
313 0.9603045770583744 0.4732971704095152 0.5592566225299278 0.3536123113510364 0.560279180590082 0.3767099851702296 0.3580940567240135 0.1349992097528509 0.08594254285711499 0.23700110719748949 0.9780594424510433 0.27188468935382426 
314 0.1214281437451294 0.2028656265524329 0.3877836928946109 0.528857778224054 0.20239605427260404 0.7150583982333144 0.7756196338978136 0.8762594589829922 0.4643794314726728 0.4799615973881386 0.9480705073144129 0.455169794735044 
315 0.7140001600473517 0.8499895232164401 0.46010692775780493 0.5751746560967812 0.5667904779422973 0.4431032262292807 0.8271829038622773 0.950080786425359 0.5519891542362596 0.2566133671597448 0.06278931241013609 0.5187853187589969 
316 0.5475247917793105 0.15379407236837592 0.031633518521938485 0.4295426828657701 0.42065571747767866 0.894060039886855 0.24551110686087455 0.05355065629891473 0.685831824280348 0.2621281866721536 0.39579304572923313 0.3732857065841031 
317 0.542289770655831 0.08231023020847326 0.8466078805466662 0.40403400719810284 0.42640706831633596 0.6444289975841524 0.900873732984116 0.026178310877888758 0.7907473876877912 0.9224160640232115 0.05674128700439247 0.37679040874973163 
318 0.9241566803926549 0.5353054530583816 0.23082065602618396 0.7366495479533268 0.5910961621842376 0.1858290551616545 0.5304361709607615 0.5154288721928323 0.25988997764564015 0.46500332550830237 0.04480678044508488 0.20752612960569808 
319 0.08660453374782022 0.42789847814241494 0.26706382540246193 0.5819390290200209 0.020862528427507722 0.3216568457236622 0.019091764769387145 0.5513480771583815 0.5777753509187535 0.4303549543613147 0.3445697995066682 0.27985226498209825 
320 0.8873650597560889 0.22856022107229582 0.7529298214903947 0.4389493786410794 0.45204434486960715 0.3828466780453701 0.60907862235569 0.7402630022234586 0.8658971402867436 0.6175048423108359 0.6970145219506676 0.04240030798254249 
321 0.7253797487185276 0.919007569583817 0.2397515667577782 0.30197187917624985 0.31063334099109735 0.5828732618033938 0.240720724027768 0.06331055937078721 0.7752099993394348 0.7375307688104848 0.9540351131495602 0.18833158462933852 
322 0.46483293299640677 0.3337741189858189 0.7372295661591655 0.13283848930201345 0.8483929480380503 0.36183475581103003 0.5539390475851375 0.6432524108928446 0.28101952847383516 0.11157857386115586 0.5301369198127958 0.05706141205201107 
323 0.683722574459878 0.8521127371222168 0.12346327053356175 0.44891379921310304 0.8813554978132957 0.06431658308668237 0.8097373428347237 0.6345209233919034 0.2371382246533282 0.4483527238797235 0.18558522594692384 0.2769901045620857 
324 0.888562750664985 0.4902994828992602 0.4468427081288266 0.5864399668499386 0.32782842936791307 0.5142700179222599 0.35525235115829623 0.6484846084807391 0.8978366390703814 0.516766830672367 0.03372474586940008 0.490582597275019 
325 0.8245390171264684 0.7376920883450775 0.34768199989877396 0.27439932669690104 0.4232078307197207 0.5553207985876594 0.8684603345794492 0.5077557357041355 0.40479113248306325 0.5508489002496118 0.5108883597941786 0.4558946339824326 
326 0.8055183852330042 0.39946282582999304 0.57600185460649 0.45570472397120426 0.11703260063528599 0.3258177338090754 0.043640449871390624 0.25205279692451427 0.06508929191400613 0.8145374874175457 0.19556192511135834 0.5245055701525553 
327 0.04936933632446141 0.9626944628277935 0.9776577956627972 0.5093476143886277 0.4295635069475203 0.47369576293668764 0.8421098467375904 0.644516896313847 0.5237089231593869 0.6953217267366021 0.11709099435951152 0.49896592775736237 
328 0.44166997606227854 0.8774003176181132 0.5655095130113723 0.6066952135590484 0.19915254867142096 0.831597722290154 0.17786174770658558 0.9763770327727768 0.35704986790944615 0.2747872518831187 0.5636756862180935 0.35662910205494913 
329 0.3785250860532008 0.4362498156427518 0.7516204808763968 0.14782322239877943 0.1004983352749341 0.003072997799300939 0.5589885730439079 0.7696103770585806 0.061664109355498826 0.941392196740057 0.7372147649820606 0.7609160584926546 
330 0.6493984520125237 0.7569750371821812 0.30805898276457866 0.5448776717661667 0.11731800646168918 0.04111794059871351 0.1295387143543504 0.5379968154723752 0.008270105603111368 0.9323041593287067 0.5963001948163911 0.36364029148035915 
331 0.823557058017283 0.6773197556778979 0.09866597432350979 0.9793258738880274 0.7816966603211755 0.1629629897295459 0.15269235642514048 0.15171627549368752 0.1379414393272169 0.019231501787741932 0.48739603071752924 0.0016511072458701348 
332 0.2787321153959448 0.37316377399055317 0.35584619415714325 0.47581781605805057 0.9421538064495899 0.457253153266382 0.12948686427503822 0.7708887228630432 0.06359245424548553 0.45065482198155415 0.547669916127189 0.5137593754770017 
333 0.17357589906516702 0.19350662373728134 0.8536643997329606 0.044710607559330116 0.6782239584472394 0.10461711884160074 0.3136601293241083 0.1169448873785385 0.36344471818658497 0.6626765252658519 0.38024986238319575 0.151838039834539 
334 0.21656926121130377 0.46928516629221184 0.7933115492633186 0.5053031182548422 0.5215175936437915 0.6934765890716517 0.21796816305678463 0.13670877058611616 0.10276000701537999 0.4867388318705437 0.04017591013766148 0.8064991232285116 
335 0.5692138901438687 0.6468601292167624 0.5503953251952544 0.6325909637265646 0.3258341499565542 0.9478308770629486 0.2993868146321316 0.2910883650853381 0.004549167770601277 0.5600372570338881 0.134554550742981 0.5814293591064421 
336 0.7595587630732533 0.8435729578282662 0.6209337988463672 0.8853619829305646 0.2716865305042931 0.7155857604846134 0.1807608930768464 0.7065090278864516 0.5025751206864997 0.21153233866931193 0.27143751537900224 0.885253424115924 
337 0.616342566911839 0.28340219062466887 0.28930926990214295 0.9790831093814131 0.8960178197001217 0.5561380099192927 0.9412308464955296 0.6759651408830155 0.8991155045886315 0.9074187816990645 0.23914682007289004 0.30030500660030157 
338 0.10495554483596763 0.563556339851702 0.6810719444872916 0.7877884592900147 0.24496082936731187 0.057465307098394654 0.3628338873127317 0.6396271072128502 0.2626069338921817 0.07923442570999109 0.1880242272383603 0.3735167421408622 
339 0.12327434273657842 0.8965958359681016 0.5924407081405787 0.6397794460635111 0.6040981810061573 0.04953167944879689 0.6377898791751679 0.49049010840605634 0.1758472331340258 0.8103824548769724 0.05745724643467368 0.020223281758674296 
