1 14.336592099245593 13.668301282822487 15.385791554549112 14.814704291563 14.98270848373025 13.46412325060361 14.834734258064772 13.989086407542967 15.30984549476564 15.410683895633058 50.04248866878218 
2 14.146679362311875 14.3059777484257 14.94751879355098 16.00864872288723 15.910715096138482 15.364303082050563 14.690570492417224 14.68218505712732 13.303082765169634 14.591771326156355 47.778188928996094 
3 14.119840595521165 14.599176615039227 15.733702338397453 16.69599042000185 14.91984572467005 14.221661346477052 14.208745274928424 13.68210751034291 13.986782900862343 15.145374022805473 51.40974313653353 
4 14.676613871129877 14.733254527783988 15.15265323701225 13.567658728508064 15.651877412479202 15.241552767007798 13.993330903601766 16.574477817570923 14.51472324191929 13.922798407073044 50.79900935991167 
5 15.764282898956475 15.620537135438253 14.306594858487111 15.45041488541495 16.488205987729753 17.407559745732982 16.689326981394046 14.166275198775777 14.129250477531398 13.591558827541311 49.246104138266844 
6 14.823996822765105 13.71787506042284 14.92164211639072 15.675786327322264 15.646918335579763 16.643786447650115 13.883890247098108 14.584945566558567 14.467437039665807 15.757047923961768 51.55299393259605 
7 16.215513755797534 12.824092208400668 14.403003616800735 15.09227136001226 15.004278286729074 15.359313765951148 15.523160449352625 16.80448486371029 16.13362958546916 14.796889941951479 50.484642086572 
8 13.592577683571152 15.889228316435506 15.729596913393042 14.115579925262253 15.56002537821198 14.075046840427955 15.317096446336237 14.620555264856971 13.392837478168811 12.841809706770077 51.381686729635895 
9 14.5793726530467 14.628320685784775 14.7351410735192 15.333303911025705 14.148781451257053 16.754431199620278 12.901653886122618 15.671980678500109 15.621692693677883 13.717916981965935 51.191558561283806 
10 14.792772061586362 15.330403893993731 14.351892291101935 16.566247395983588 12.750357518216724 15.359528612195541 14.171379490764613 15.046157279444989 13.355033476603037 13.724047269599106 50.11784875291211 
11 12.827718460868013 14.8212093645718 15.197217385837146 16.28231911780946 15.22666837451502 13.558455703019934 13.511653269430898 14.007784224836273 16.1755797952014 13.832629615819869 51.339660148143594 
12 15.473346832517596 13.045238225338123 13.889836077049495 15.746562425963809 15.36938686797746 11.865515157302667 13.81760553117626 16.30464705830614 15.284490525189764 15.32103287288533 49.30840723546486 
13 14.577354624119781 15.079227968973395 14.22191242649867 15.876041447579077 15.036853060806175 13.296744626991199 15.62723790482409 14.111201387550214 13.680694829537872 15.23675314414104 49.19917088273898 
14 15.124825464687321 17.171838415606977 14.168598154830304 14.898140895767979 13.842320823331567 14.351561995565794 13.315675562567245 16.985810005576777 15.473147712307595 13.779114883645628 50.38308413687401 
15 16.510347577272125 14.411252983215181 14.84362272314866 16.0772195545881 14.358281481276048 15.887450974061675 13.776680482630193 13.692902511852319 16.55536637846526 15.38864365809549 49.79847317996795 
16 14.48001533283308 15.748074600090344 16.828997226581382 15.75175640592766 14.026666210252817 14.13975657727807 15.187345898672167 14.957440460956985 15.406286061766686 17.341518364811105 49.919307340707704 
17 14.849138635557425 15.789276432539165 14.184380874276519 16.09839738265248 15.21371514987283 16.044744315442422 15.240222292143061 14.659504863855103 16.269315449010744 14.136504349719635 50.368991969940694 
18 14.139094912717391 15.326360873751103 15.597688420628286 15.424420788158775 14.54756365997326 16.123527678073277 14.635637891310497 14.297525356963884 15.3968936037676 15.083132516416955 50.697320820875184 
19 15.929035189207637 16.798094592431607 14.286324241091894 15.189835006914922 16.828506302232455 15.876590018851239 16.288449179582067 14.951969949427319 14.645279632777916 13.853750033545682 49.43978066943093 
20 15.438384549692756 12.537581502204329 15.392784676297387 15.81819405376425 15.871617335576165 14.788625795066759 15.091859955190678 14.566450152390413 15.219007693273738 17.121974251574347 49.853057589031756 
21 17.695316537764803 14.600524839082006 16.02909498805053 16.152286146590694 14.751623057161614 14.26415026819061 14.618972141238926 14.98218101280466 14.186979393328402 15.097066817500869 49.317292637916566 
22 16.46776117475467 15.794507984965845 15.432936929138705 13.23641552472901 15.50102782630598 13.958549663982875 14.140555133735445 13.841677602092032 13.961712294422462 15.199161281308413 50.335224815707726 
23 15.282496987363347 16.347065609282897 13.510473533803912 14.602845108758295 16.57387349404583 14.78326890555453 15.837565722790593 16.307169050614075 12.96078601850732 15.018321356955639 51.87625259752929 
24 14.034706980293079 13.417146873625546 14.553765591519989 14.16830208976136 12.941904145049191 14.96656078295807 14.123720840038615 16.422951611724116 15.435260919334867 14.560949454417074 49.5366796778793 
25 15.830026629570801 14.879598277611715 15.269812607315371 15.625742495736512 14.56796933929709 14.982514435773188 14.358183048816821 14.168090582245513 14.096213412354725 15.460997154386698 48.20817371666736 
26 14.616469653341023 16.237743572837502 15.256820547626745 14.925000613427615 14.728736797843846 14.941478473926303 15.932511151013808 15.743087394005203 14.544659679167962 13.362986805458592 49.251977981893326 
27 15.580756377740544 15.299114522855767 16.449679149643227 16.720097821660854 15.866429560194739 14.159531475066018 15.124232659227388 15.23931932921232 16.757865473507515 15.298639370759874 49.36395207605078 
28 15.762174560130802 15.907228507714127 14.231980716811263 15.615857710176753 15.758191058274672 14.296621419197967 15.833311061533648 15.253836383631166 13.754823824651503 15.340175312319126 49.837814207197546 
29 14.89941001253855 13.730289680786 14.168251717721928 13.6784917322373 15.167138722304408 14.195870930295143 14.833649814847522 13.485803339713028 14.218251543915182 14.395713388369519 51.31808764698506 
30 15.350156038244963 15.829167779750748 15.456341558296291 15.09370287890136 15.060975284952038 16.478293216895903 13.597136094606677 15.162756379410904 13.648593438906666 13.469419717561012 48.46182698553461 
31 13.536181543021526 15.129792080693422 15.83550946944854 14.945060986547677 14.145968456619528 15.491494776285949 13.474254327921523 16.51586277978721 15.303237129292016 15.807430752639934 50.71300503313113 
32 15.408400197825713 14.78771893855086 15.693427126164591 16.50698102924256 14.54695823832807 15.929864505675843 14.536544177485013 17.311050633851774 14.592102103486168 15.959707001128754 50.4368619204611 
33 14.529396291034875 13.507421480947537 14.453545478996954 14.781506512986862 12.512528948304038 15.636142188031926 13.629801051921978 15.929238866000437 16.43106020397106 16.082811268132406 50.99047273484582 
34 16.45221668177389 15.970873417306965 16.439668115211447 15.735281606614798 13.978264591604612 15.399054137339471 14.399595734920513 15.081522175878465 16.088351892353977 15.2465462237038 50.57086660382378 
35 15.97888173602432 14.313158183887504 16.966455365564833 14.70824718076803 16.199188111776053 14.369754664021343 12.717743558222352 14.96418130338152 16.181868841813788 12.826075427705216 50.03692558910115 
36 15.670210719342116 15.899083759433834 14.425460273801287 13.888227488979382 16.314572184683335 15.115705512141746 15.333319416498426 14.058144864880648 15.413881292977496 14.49928244306862 50.47852107830327 
37 15.038427213037181 14.042260052118465 15.251725310047764 14.603298548889688 15.748366769196986 14.671247016639139 14.55957619056471 13.898864592599674 14.457097275622647 13.362976741221924 49.03396808115055 
38 15.52540713054987 13.408515555034679 15.264534193166682 13.453555166487773 14.865091786192162 12.325480246516916 14.1326144926395 14.628260220866359 14.992760496158443 14.657384299570833 50.32454044693082 
39 15.27144328645958 14.66629847083222 13.555217898144292 15.803359925826628 14.936083015603206 15.34790420566908 14.878414907388628 15.136861785122361 15.398541439741345 15.076144067385798 50.73002050275686 
40 14.612786931891241 13.953012920744364 14.562409685349321 18.20025001098403 15.308701271346742 14.758785611464813 14.565561455478685 14.74114816284095 14.602429392895523 13.475888399034218 48.71514682697671 
41 16.35395589604195 14.411144168269363 13.47274191004171 15.877482808824729 15.098811718243667 14.004541970828258 16.297622103072936 15.664609452339674 16.267784092198838 15.789507153571071 50.7557503345451 
42 14.259531015078348 14.113980345038074 13.0569237508813 14.323167881152003 15.846347018807009 15.176597939628152 13.968401735609007 14.901163012205611 13.728186901918173 16.735527623600543 51.44890224685538 
43 15.257518053762672 14.469572784353302 15.377561783387042 14.99329869290423 14.874700439273857 15.994832798069572 13.303715003935274 15.128365553559917 15.236813775569628 15.859223360398351 49.69852263433923 
44 15.442282544114429 16.1639006317201 15.20681463528234 14.550541764460538 13.747971011242495 16.727278798043592 15.91493026255306 13.14787683572365 13.331516836287646 14.393822997079567 49.810139687418456 
45 12.2760292747612 14.07866655872117 15.053993043583677 17.362294478434027 16.729380557723427 16.450204485593567 15.412026097387102 14.573425270142543 13.124483396774082 13.998044864653881 49.50824829600231 
46 14.223120997349916 15.653142240685131 15.088004025356852 13.053404475803793 14.844565495019742 14.896505873899939 12.285877968201588 15.925315978716087 16.315150574881667 12.96501269515909 50.18625043747836 
47 14.605875092427624 14.344068397031029 15.208124640987364 12.458486509814191 13.17009386654653 15.428890086031716 14.64035772328197 13.634026801643522 13.525007361091795 16.298362434877852 51.05655628755968 
48 13.307604396201448 15.701229014075762 14.757935434762834 15.591551516981108 15.204340799651169 15.315305880061317 15.116690964009683 14.894073816404704 15.551511569873105 15.010140440347579 50.61223252897366 
49 14.894734639895331 14.08307020139817 16.91715053004577 14.532497011989543 15.29133679295063 16.078935427390157 15.468238142897597 16.949828952223573 16.623300463878646 16.344101827917317 50.01715917999005 
50 14.896384326736287 15.324536639270704 14.25680327317093 16.104513760014008 14.829917575884673 15.872112299738141 14.565544059503946 14.977779648254684 16.692858428533693 16.387228063055574 50.234898270950474 
51 14.979309485887715 14.968716440601757 13.964109685815547 15.635036704631602 14.446164152264558 12.470624289753047 16.217245268197143 13.85242860258516 16.230981947497014 12.586404886484843 49.99340772028116 
52 14.666840090440543 15.001441859412934 16.506416085863403 15.497421272983647 15.002248456200835 15.281735289067385 16.425289929518474 15.562346768769565 15.169710142910027 15.102340373856501 50.57669552797198 
53 12.929788322632325 14.695214323246956 13.113663912255342 14.064665976135217 14.030200832084777 16.097959246172085 15.088415436722167 14.54611948488379 14.822585408265432 15.537844122551318 48.81245564643782 
54 15.340250190456848 16.501446853424323 15.07115112429234 15.070791655241514 14.414538183924025 14.419189172300346 14.605420182663858 15.716048907112754 15.20288223333223 16.574281782976716 51.207493285517344 
55 15.063149686431617 15.325795053580526 14.35637117039849 14.398340803059236 15.739509968157014 13.021343213037198 15.135753756763034 12.754564690080457 17.209541554489935 14.056976830125055 49.05544966177495 
56 14.049411239303414 16.101729445338524 15.9728426855741 14.800330454539361 15.505637069051387 16.050471349700537 15.776512045367628 15.170500153137372 14.024298573332091 14.89542421406918 49.510771663435804 
57 15.584099611013652 15.818654269052562 16.653762508519073 14.660056480315824 17.10835395254862 13.809499194895585 13.72196054601874 14.442011199183709 15.547231289324813 14.053028719115616 48.48910917011021 
58 17.265020493001856 13.834489181561088 16.066602407199568 13.816493685529853 15.16242413953114 16.342795614676795 14.510221285714689 14.066856176177664 15.328754658705721 15.342884583795554 51.267179151135615 
59 14.515440803903301 14.09088151941223 15.023973654804546 14.20272796530806 16.298508418860166 13.709480931278307 14.699934126515844 17.546248945296217 16.19879025915084 15.14663438644048 51.154110431896854 
60 14.24768778334442 14.77147779114697 15.381186302539199 15.40730137266745 14.190983348711237 17.03665442839085 15.55678112012729 14.659332553344868 15.78183251513905 14.553889461048739 51.31870454882942 
61 13.631444998521983 14.639692346735862 15.019490617524438 15.39390849547414 14.886400668428514 14.681329023698568 13.78645073725425 16.06813005793864 15.081867841862252 13.944129540755332 48.27130697363016 
62 15.174716812377254 13.9495413285607 15.762517507017984 16.275495667852887 13.971843193013404 15.011423996562153 16.036724010930314 13.336512833352746 15.1556523398497 14.01780425214198 49.060380107357105 
63 14.950801514010015 16.42339086588263 15.844178895464543 16.549053389837844 14.388682404863337 16.603747365982635 13.604687257388118 15.453842349379723 15.064157898115674 16.930202687713567 50.34456930069654 
64 13.510091966361703 15.001566871761975 15.110035500482352 13.635498567204348 14.202814068884559 15.556400838744446 13.142541939830078 13.900849610136595 15.50029261811294 15.750928976070284 49.384393025659435 
65 15.016571071003272 12.637938761655649 15.914882773984559 15.503441830689521 16.50195456832972 15.525699932130765 14.280305527121786 15.099208939511403 15.76793281177887 16.472689639693254 49.29189603481536 
66 14.993410788509033 15.209934199327456 15.000246921566003 13.827267728662118 15.307109963475074 15.96212184151813 15.949970422981126 15.297128769235997 13.755336582467038 12.843492939501974 49.840081547199695 
67 12.713795415420595 15.393217844842285 16.811035845632553 15.12386780819245 14.830707816029545 14.878806374000176 15.934354384236011 13.717830904396667 15.997467229961917 13.507187332330002 49.13536612938545 
68 14.910750798273035 13.43970922817617 14.687444356249388 16.293241747187828 16.619080078607123 14.417463566508777 12.84927942489128 14.154993151117498 15.588166822161977 14.350615655422326 49.028256370154196 
69 15.067472131626632 14.621545667335637 14.963867865315255 14.136383189867164 15.856101027481493 15.267277784719333 14.922715554344046 14.85706171529762 14.279150925617621 15.81244722449741 51.093906229602204 
70 13.304854007103785 15.24568874555923 14.478940642947377 16.488099125594683 15.189119431469324 15.577169026557701 14.912486113217245 14.926812359621385 15.15848414752453 14.587563093022807 51.612893063425894 
71 15.980843147580853 16.672293584870292 14.548243018663808 15.979417214866015 15.005549401212091 13.758837765824506 14.342672566100852 14.74760606392113 15.201364825457413 13.986490832800412 50.18196584271556 
72 14.241791546664262 15.442318410699789 14.087957285046762 15.386890025460618 15.57106124719583 15.041657656261922 16.20492815312506 15.517586584890957 14.737188657483252 15.645520674879922 49.733898522828575 
73 13.815650649414431 16.68171402181479 14.26800166135399 13.53586572135733 16.34552392063042 13.448770039424081 13.096150028794437 15.941531695646498 14.76657746438623 13.929609550758672 49.58058906336107 
74 14.918065639243046 14.822637884596334 13.573212711060672 16.155199823508912 15.042190002400933 14.19472556897036 14.989387344655968 14.846283224923427 15.43854044172916 14.501882745090494 50.02694038860589 
75 15.821198472234652 15.342995640477525 15.896150549574523 14.69282650208885 16.593789839997303 16.385401495819895 12.837444646017698 15.594909376732682 16.926207124678953 14.073012963289504 49.68305769964497 
76 14.966370752571084 15.068428670855015 14.76095416158577 13.970235359278119 13.811623942013721 15.784321386797698 15.46650655062139 15.781759800391274 16.733624559190176 15.834666477487579 50.94637843627962 
77 16.516760973909562 13.59139491640443 15.773579623180504 14.201205793899787 14.053785739952353 16.518471020967933 14.14600276490922 15.716936674540783 15.389117784369216 13.675862668500264 50.51270997204356 
78 15.203365032264097 16.165579590045194 13.197638166863912 14.510724319540811 14.680234225387624 14.18226093158581 15.013436345235865 14.556428388483777 14.921131401665487 13.977634760129545 51.40670299237604 
79 15.944104853137578 14.5332987610457 15.782360743903848 14.64576651402665 15.132183630660453 13.629177798871467 16.097343143390624 15.155749322816686 14.631703410784175 13.375494117174183 49.12114941458729 
80 15.43227154542302 16.436547668148037 15.07284561375789 14.738970994039748 13.675065262628237 14.733653052622268 15.658121569864173 14.459901975421632 16.790533020777964 15.600035167001428 50.4053867375118 
81 14.199886377161315 13.250436629970382 13.124121574778219 15.778109253107498 15.881329076762125 14.322896780390627 15.068761341731312 15.821658801630896 14.958533360168788 15.6746063516774 50.02876706244274 
82 16.90490767081404 16.98807372118705 16.961639522942924 13.520896357624112 17.00902879846258 15.614100970910313 14.514994915632707 14.588128155956388 16.065140545216508 13.759098156202226 47.68308320865024 
83 15.13126443179954 15.485078781092621 17.418080117305053 15.48896997694666 15.248518805266043 14.36316339213406 15.184619922189487 16.85347887073675 14.809492671883428 14.643032555569278 48.27192481020295 
84 13.499402161803227 15.664604061094915 15.339537981667855 16.962527028979522 15.647660184334294 16.14652351460586 17.025111483234014 15.486157623867724 14.74200732677813 15.293648782177446 51.28557714138869 
85 13.855195596007805 14.720055725136929 14.280611428506226 14.773966536681208 14.507823324706575 14.654034642483795 15.570050307103267 16.126537411210712 17.040608650928178 15.274486885067555 51.67833660413198 
86 14.201035648861717 15.726998461104516 15.778830415625597 14.229959778782591 14.411846801372624 16.328523323067245 15.547716892748946 15.581788126706218 15.03401046870457 14.645663185321652 47.857729540903236 
87 15.53475167883513 15.00300511087693 15.491342881738206 15.514049528905648 14.81999799833314 15.342826388131396 15.087827193145788 14.319145459284053 17.782634130691925 13.837735994164888 50.88714692902126 
88 15.05242257414242 14.65714871223904 14.089437065668365 15.803028326059799 15.23553968770359 14.944508939046333 12.695998957357194 15.104313889489585 15.719119343904852 14.857636514380514 49.846368472928965 
89 14.688171157704625 15.378251456948028 15.65492524404316 14.842313822496857 16.41917071908947 14.262722280399673 14.41292955415652 15.68635674619908 15.516628207465892 14.870670710186767 50.311707503869684 
90 14.831388106897919 13.484654801038094 16.18562183934542 14.315181850022705 14.488066997187238 16.530913553721458 14.9797809514667 13.575483425814117 13.623624239846254 15.660835583032478 49.872575612608536 
91 15.339068180315122 15.74265011701555 13.424310896046078 14.073378318387004 13.581916433698312 14.308339560856579 14.628306681730301 14.840863647985216 14.538905328583382 15.505115814788567 50.24917359764493 
92 14.642305376584718 15.064762513978742 14.538253419443523 15.720125530923935 14.109390251831275 14.15855142075723 13.371261875113612 15.313904906738326 14.485413839223206 14.355421405883678 51.21504357624252 
93 14.06432508625373 16.75897415508233 15.456022063179091 14.825354529562404 13.318862117798494 15.868341468766046 14.20950374032607 15.065914360257736 16.060076756178372 14.27727147619575 50.240267282143726 
94 15.605888414877928 14.866467721701456 14.762059717332063 15.072147322504996 14.917274393395113 15.44390709535022 15.546523155763337 16.14188266029072 14.269476363026106 15.454143538040332 49.84887691141802 
95 15.688823656469307 13.558339111043482 14.687687048967026 15.130247774663886 14.10623185825576 16.590961761490735 14.119542817156194 13.061178941689535 14.301915527828909 14.31113189158355 48.03694426014586 
96 15.050192686557496 14.265314940098865 15.032698479014735 15.585078417855225 14.790747493021678 15.066480302269957 15.86033777664102 14.268706686096978 15.465033663572022 14.514746363782352 50.016180727171246 
97 16.03251182171691 14.184221949990038 16.345052927645156 12.817680298071663 13.585781287788537 12.263460705348377 14.61706235707459 15.13238364963261 16.047920680132506 15.977489988972426 49.67027682861664 
98 13.587127592634461 14.82621017764378 14.85084935615283 15.515322942377658 13.851109699040187 14.451051509008687 15.09137752999128 16.04855744077739 13.120377838362137 14.689887945737768 50.59791071355757 
99 13.58553964208769 15.269320151113158 16.118621444443075 15.080655384420975 14.16436774233349 14.975281289935516 15.431330282349105 15.890913754359822 15.338437220946048 14.34596807934811 48.85679307687692 
100 15.234875870113395 16.07342668239425 15.092482738054871 14.626293709924166 15.618290275621813 14.2306246608184 15.075163649621123 15.613593403631747 15.701437895802458 16.286486698749872 51.050029780014064 
101 14.931997931611095 14.62330554168458 12.644146164448763 14.06219393462829 16.628618559288338 15.713951428206936 15.211521384417868 15.4575019606113 13.265626741456396 15.203838255702122 50.636330323596496 
102 15.793417658309071 14.7043833902018 14.519860199005809 16.091897892090536 13.588858711155067 13.362848748087467 15.215254671407493 16.371573613489936 13.124341008248347 14.533915911557541 51.228573749036244 
103 15.305817287713355 15.689155945937207 16.61256527086283 16.832572963323464 14.0904649494292 14.148367339937366 14.381080411549632 13.368364474683705 14.018758422909892 15.022377398693349 49.60843282479362 
104 17.195008969510027 13.529106606429421 15.56272843128154 14.780745853546664 14.831035825907186 15.056941241730236 15.18865914076875 13.951967413799945 14.094134596945823 14.380976353992303 49.29226944262666 
105 13.337978412031653 13.218894504531244 15.67281519792688 15.20600744337024 16.056275515191736 14.362624430695275 16.495105164045242 16.99844110092767 15.665349865986785 14.137746999905072 52.3209762193322 
106 13.454057497867343 15.849032729449155 14.1922538140727 14.759969110632778 15.079314295138428 15.669330841923221 15.70835756159893 15.466381501247135 14.965358566199598 14.252219739870622 49.91886818487457 
107 15.335713596728858 15.203194416095055 15.119993461583853 13.451184496925132 15.250688639358247 15.992830568283734 14.446609110495107 13.906269551227775 16.21934433786392 15.930400324196446 50.71939043134065 
108 13.376090008030841 16.148980763292187 15.374085699018348 15.127389669305849 16.618142391299195 15.153927343567737 15.683841794259322 14.346136058955823 15.022626540133016 14.075562368804686 49.68453478406864 
109 15.693887970634842 12.962788158078547 14.875300359139981 14.855394595546915 14.04559887200924 15.726186476152247 13.98698338016958 13.871001757659146 15.024505978133478 16.265824164182742 49.640556106701084 
110 14.084189755603205 14.59783840621237 15.121634991621846 16.308383157000502 15.844335355064677 14.814768718848784 14.89108393097146 15.079242111757026 13.019320386888959 14.94694295128797 50.435290944330454 
111 17.142913469597897 16.08265740078623 15.621705851709397 16.316301395745928 14.579293217087562 14.763629175960668 14.334497871978517 12.65032461102421 12.76042696202736 18.207293636365 51.841409054895536 
112 16.915736133012448 15.252151730122092 13.129737864018356 14.809434061728325 14.180584739349559 14.817785068978258 15.254207417974277 14.665179261012375 15.222320725936907 14.800488117089554 49.36367843096546 
113 15.352930596212445 14.250116634765666 14.91675757757537 14.893992391515411 14.33723718426982 14.68256326879314 14.945579746548821 15.23137159940944 15.318256401123804 15.4964063692928 49.602694920942874 
114 13.231575925926318 14.865785110821921 12.37684025179063 15.190939012989865 16.50959634019135 14.243263232741398 14.270389468649961 17.5462499488806 14.334344869817782 16.687307755167296 50.78452127024965 
115 15.162495739206506 13.839953379851941 17.519707468821515 14.870332468277178 13.263564144712735 14.86053999842373 15.035345987344138 15.142221747762724 14.210967700748915 15.660690911253605 48.30551774563946 
116 14.811184558854995 14.702189591887736 13.789188068073752 13.609205066862328 15.26537879242449 15.005236392411387 13.903438969347716 15.731402048890223 14.156681761240801 14.532133127643586 50.70779296138615 
117 15.952740557770069 14.362258147771502 15.307164839017485 14.542228170383417 14.830003228496333 13.811071973177903 15.81263594831319 15.982118435077059 14.006158164617062 14.62516209094153 47.89504842502797 
118 12.78869532849913 15.621763652545024 14.244154808203117 14.158262675796928 16.414389224067502 14.771205031976647 15.67247476160211 14.401296347439725 17.59669201234562 14.066511605687824 49.77420619595247 
119 15.485593087335495 15.894551885803532 16.42807623782555 13.573118564066455 15.276814528500282 15.353930993856162 14.215482636371904 14.669280021116725 15.256056411622623 15.128371194828867 49.31771883408122 
120 15.913548256853058 13.891666378962539 15.912096385622828 16.06692647737561 13.915175620023625 15.827880034118497 14.47879137570275 16.892536425190865 15.242306668420325 16.919665746032837 50.74402194753716 
121 16.041495566953046 14.94648103774579 14.337072340354187 12.604111868169998 14.736342049496962 15.682724629990112 16.066875175308432 14.540233926269552 15.61550456553018 12.27214024326356 47.80195753775742 
122 13.651645170376492 13.782228712498151 15.023328058420052 15.553421412176565 14.942050598406295 15.070645993567428 15.39666232700945 14.982127799282255 16.566508869921243 15.408903767187583 50.243694005075156 
123 16.718634908138327 14.842943246448671 14.960023289914472 15.051181538853145 15.616175410288102 16.250640868851516 15.471532640493427 15.799517299999907 15.73054714859786 13.475086933310326 49.78029567533982 
124 14.488606521578106 16.728027476050322 15.64391910721157 13.31253225881112 16.398863021560334 15.45367983129184 15.061639014696716 15.299202486129987 14.865823225809857 16.230156163211944 50.575528296869464 
125 15.347402774788522 15.228164746960601 15.379886876096231 14.657547340063134 15.039159114036543 16.11007382313036 13.631514856883024 14.00350836713529 13.615868500900817 14.628992943502682 48.54041394441765 
126 16.86492724930481 14.300205730821368 14.764229618158879 15.985710015033035 14.248247442771266 16.093591622569587 15.467585973041338 15.66725748105272 14.510413306194362 15.45514613719239 48.6816144000579 
127 13.95012089235322 13.40500234028341 16.397956705373524 15.753451897864103 13.35235081377715 14.21229816003992 13.81814226883679 15.429964681727927 15.13380657460689 14.099468935611908 51.29450287543267 
128 15.453478468052419 16.482022701567487 15.661710856531963 14.851268841058559 13.678541772477494 14.47160522120899 12.415476980486755 15.419423904688369 14.054010314326362 15.84281894522305 50.5998076611875 
129 12.23480613332262 15.631946355544388 14.885002511055546 16.103915284986233 15.956788252643443 16.687252246748173 14.891117471755502 16.12263605954422 14.648392832868861 14.965473354463064 48.71335034388904 
130 13.628990906135254 16.332858520600592 16.611973175416928 14.98145823490555 16.44167812763719 15.212896128705511 15.100730027237653 15.177272109484624 14.4543970680408 16.767694439258396 48.44573797005582 
131 16.118387840566612 14.221133007958494 14.546393875543217 14.200318992067794 14.789739722310001 13.937439929099941 12.791419283631136 13.830236158794218 14.323319512333356 14.551539158155986 51.02369563964611 
132 15.717983211935103 15.405890407510059 16.3982703154704 16.43703865539618 16.42234675358224 13.902472059939342 12.866449361338633 15.371422395172823 15.649417596820191 14.399387808747539 49.238276191363624 
133 16.016794581566216 15.469785887056895 15.9044537924027 15.396904657973261 15.423950949870793 16.69103984542241 15.281465317005495 13.83032647905691 13.09004961633877 14.482302159642355 48.93504850733542 
134 14.546169097808763 15.54678072584343 14.135714339141083 14.887014006544456 13.006759737731679 15.23910699901044 14.45555407966921 12.942770237498527 15.118390774299277 13.38949691636937 51.64746100526417 
135 13.789766311613255 14.321458689107631 15.907895741578715 14.911506523893193 13.953917964583866 15.526221247589241 14.61721333878058 15.057698957696783 14.805283050854714 16.344526136782573 50.911781216292546 
136 15.539011751149546 14.748982472152575 13.622071854235596 14.8181556879 12.885513684664826 14.894405994965108 17.22106990279424 13.901329215520489 15.042791257193672 13.941762160749498 49.07456663644405 
137 15.43917654402752 15.447474769624435 14.753320281350653 12.84693553071892 14.537193784552198 15.765137346046792 14.326762084028502 15.048386844873935 14.917568761278257 13.819236099967087 48.853644981332685 
138 16.17194865054016 16.118914559996547 15.732390318285958 14.677529625401124 13.677825178823674 15.688748427366189 14.216623772579746 14.976242507677743 14.424250131121083 15.45245703959794 48.64670182648564 
139 17.186568902766425 15.675679591939039 14.786724560883089 14.558770852354813 12.525408313187613 14.687045682863522 15.162018041377403 14.267734822393598 15.913132235959228 14.025449275897 50.425806642354786 
140 14.039537642129966 14.270012935126708 14.496175274726944 15.150425197456189 15.716369334468297 15.085362111075973 15.415596279030007 13.780268471036539 15.007880599906558 14.575370567999085 48.674135631978615 
141 13.897078610646291 13.282326402157944 12.707412794598588 15.162942283940415 14.708686834172411 15.639189336716582 16.0073874128206 15.907606613854398 14.003078889653223 12.673920199579417 49.35507397139911 
142 13.340343251104835 13.350066905151152 15.843254416712812 15.942307723519017 16.49707616469668 14.842378210562332 14.374981836170768 13.924129388303623 15.21715122825212 14.211285017195161 50.70884613006179 
143 12.738947061603342 15.73547113270188 14.046161933632614 16.383132223745083 13.923198644568158 14.055619804167002 15.509922709665027 15.055009479086022 15.165047608865859 16.826446244654882 48.156790380024596 
144 15.697284785688007 15.901655272537475 14.347360418234333 13.937221873892591 15.354606523390519 14.724011934557119 14.013162334713229 14.982988157348132 13.68325228529687 15.865843545271227 49.51239776265521 
145 14.884884945015486 13.750182765545398 15.137354674224671 14.784485365405605 14.521649168388556 13.617714948869356 13.303474603967764 15.834149823562733 13.669063248119537 14.138706648194912 50.827320636871356 
146 14.342145719320188 16.990440535894823 15.739963641170895 14.648691000159449 14.703686336015629 13.37435473659045 15.827914055127295 15.31876775800512 14.11893065134594 15.122907127623565 49.71084043351182 
147 15.416023130140719 13.743363667302855 14.362629440888615 15.682719486073958 14.213329500815352 13.384969690263906 13.96714970375101 13.644558931306394 13.969144934447739 14.80407868228815 50.372037150781026 
148 14.7816880867545 16.018738941444212 15.01072897142501 14.848214316095355 15.29988863997969 13.748054435978244 15.309852744448776 15.89476672413853 15.844857557368345 15.450535750471671 49.803731379855776 
149 14.173442688927443 15.866899901881458 13.529096368816074 15.662426965985256 15.338884460569558 13.704694096258569 15.074280804535011 14.022608337865762 13.637115802018053 14.405721748416045 50.07609612490185 
150 16.26346181488863 14.213729779455667 14.038114213085766 15.005233945159357 13.878382732655716 14.46842223457996 15.039736553637535 15.154131489844579 16.01200087870865 16.16584286243864 49.84110790376418 
151 15.34169550774798 15.071323598739935 15.115431185172495 16.811918521366934 15.933442209679852 15.11979254723278 14.779338866441833 15.927610486575803 13.004858437177615 14.607445071362662 49.594361190028316 
152 15.973086875947034 16.5982903055213 16.053344389134182 14.222966491661099 15.45551270311126 14.31634795796417 14.360742016700545 14.480088243223987 16.015430490116735 12.939081437909735 49.85663530735596 
153 15.175123487802045 14.93700536193577 15.264840683322442 15.591586548185035 14.778903970066258 14.99432841048189 15.388808436090796 15.331874457053818 13.015042983924829 12.681551744209202 49.343177384089515 
154 15.272318430555426 16.458259010183916 15.79384609468599 15.672445820927344 14.93581624428577 16.16391807856811 15.39594257725631 15.036170949939015 15.997188380873718 12.991118770531454 48.564844595768676 
155 15.589233203526055 15.508937319271284 14.143740403928911 13.28885630025812 14.428206563062748 16.206478443930017 14.566114658389788 15.911805161170008 16.500105388957714 15.367929246934686 49.865224432950775 
156 14.658397428298386 13.524370665251297 14.632625550820515 14.679053169995315 15.081616623146797 15.413695028848558 14.15842528279026 14.990040938029662 14.683462799566632 15.363238403078645 49.89756061923999 
157 13.492045543163178 14.167278033947717 14.503352486015753 16.786785507000506 15.77001585586903 15.18196903698587 14.622313105736715 15.42624684669194 15.793473552483169 14.734234809695094 49.12279331356539 
158 15.681090262389533 16.013053833806445 16.725278679595593 15.340009363597432 15.002982938276718 16.009996638724363 14.537908252776711 14.703027594206082 13.905051728085372 13.987107662538644 49.83094705691642 
159 13.458162143493025 15.045512402917854 15.831399376826846 16.028127109219994 15.888703528128977 15.779791079921022 16.014148541994878 16.13665104975783 14.46214520705393 14.75480186991079 49.25823535435577 
160 16.055050083557287 16.948258807876332 14.802283567051806 15.687322479224331 15.61121643437421 15.772724612447353 14.219984536578822 15.389896032561243 14.03599284293359 15.29885942046273 49.58159663651301 
161 15.459405379026093 16.68159739969279 16.031036681943526 15.443380762825571 14.945441673446942 15.708754799744158 14.315022837616684 15.53096207215757 13.396301325143243 15.416337735415933 51.12734062232296 
162 15.339723856133455 13.3279273885919 14.813789399530386 14.904512298347033 14.951758931396459 13.596391037982405 16.050019322801337 15.375297625935847 15.895534971701856 15.42593422643895 50.04603118824289 
163 15.833329662509811 15.633087373231744 15.979406516905595 15.472127424516724 14.440086075290733 14.556842296869902 14.061783249744792 14.37630180498325 15.97151455790442 15.514322243640512 50.614731438024684 
164 15.137978598495234 14.583112295353358 15.655569763136656 15.33292076223865 14.209699531906798 15.465288374530303 15.34701589052712 16.3031636214689 14.336967301425158 15.374336254968041 47.919999798879424 
165 14.540853704793893 15.485848421908855 15.673639659514103 14.497882678900437 14.816007638039327 15.289269807876494 15.315601396588201 14.358954888222842 13.826295317521899 14.03890361686854 50.38102339590515 
166 14.18636499923704 15.294823777699419 12.758020928655837 14.727202011763728 14.16565202603207 15.285357600401548 14.630029148313543 14.039140899428002 16.25612743403334 16.619582596095512 49.55698605949138 
167 15.002615921169884 16.182812349888547 14.52806808047448 18.45693145403411 15.779033475448221 15.16164186804423 14.939095052558262 13.911978353855899 14.634041707697035 14.383293059261693 49.489880977995014 
168 14.29232105352232 14.482945002206968 14.968107518506498 15.550716827177123 15.717703006587117 13.228832303947302 14.831069399844168 14.494977060118865 15.213432672628413 14.368365579865033 50.614170680388185 
169 14.716887221168383 15.91111010870452 15.07764324702425 15.616787046447788 15.459454558839193 14.456695798026947 13.510532094962267 15.194773169234846 15.010203371958836 14.311661933181101 49.22018753891302 
170 14.09222398768219 15.926945076165648 15.033311676027346 15.692815713906999 14.865341777176857 14.74152032597782 15.36444565510104 13.998121419487404 15.54143059871292 13.21570794142177 48.75015379024682 
171 14.723671662258857 16.33392604532824 16.539643404093198 15.012384370347286 12.989925811713126 17.364017841346072 16.265252753940626 16.640902889652708 14.95630098376758 14.927765560047488 49.62806830252936 
172 15.964863590698032 15.16309487397117 16.485423777913663 15.15053782709058 15.196854767029134 14.517342592934652 14.64357538822294 16.42377402471884 15.467593062264916 14.772380946652936 50.47616642305745 
173 15.679200481997421 14.507350196916086 12.971330474876092 14.459207999454078 15.105994886062879 15.79408112499371 14.420643626634996 14.225479996137011 14.724329724527122 14.035559331152266 50.52425966832984 
174 14.594961346009253 14.343272671624717 14.404747595207354 15.846721203927773 15.94907900333003 15.092120481909177 15.538854761792274 13.908590965132467 15.703099198385843 16.0493896445624 48.545184445272916 
175 15.023647723325409 15.946294937915384 15.781334707329753 14.765628093295211 16.039695013536598 14.357889068172387 14.29578700031111 16.385336215497524 15.567659680664645 14.868613851326387 49.94811019132207 
176 13.515059276343663 14.856037983203468 14.65789079628681 15.585836932917125 16.155321665500594 16.237383692077017 14.493985866128035 13.536740151205786 14.60318784054659 16.045034491058267 49.3062778256497 
177 16.421407547933526 16.160700166701762 14.068274450111126 15.072937974625919 15.418133754830828 14.931758343269463 14.064075700708791 16.249805455570705 16.11427996627297 15.986312402449784 48.629963480669424 
178 15.40076693892543 15.533885646017868 14.518304712588746 14.967951809115254 14.981239323433414 13.409945101791068 15.571427888002683 15.334697702902677 14.363574734756389 13.88974739775669 51.007251647204846 
179 13.696692946453032 15.097090896752636 15.753650335594099 13.872139365474336 15.37351720804842 15.108395724438283 15.555727992208723 14.595331757652318 14.817017144072343 15.670109946792044 50.02041208800932 
180 15.088648108337773 15.925537612217264 14.319522508920617 16.56196856758581 14.061856313482634 16.16920779215041 15.118572488499481 16.774261098362512 14.756369039847856 16.23494604527928 47.96295656131093 
181 13.003919542445571 14.782359140791577 13.339891667711091 16.691058110410474 17.256483546540995 14.170371536572262 15.77125063435042 16.85142248499057 15.81476744778858 14.196817715028567 50.676889859187305 
182 14.265294001767339 16.526690769683356 15.292226354356863 16.34101084753894 17.173135516606973 15.299483487722407 15.340425283316414 15.25540828099163 15.361416335165957 14.954456621733435 49.29707015536095 
183 15.77929929195151 15.368430959659129 15.482178879662383 14.873144106821487 13.564140069729813 15.16358645731707 17.324828702238847 18.007360079964602 15.897030128007994 13.001291414875606 48.66872581668406 
184 14.287921597454336 15.683435030620277 15.75433199910795 15.210465061445333 15.371978111690021 16.09236559870342 16.024004219580597 13.99848085450579 13.668139316757895 14.120794092020487 50.18564318993633 
185 15.186242408044079 13.915496147516235 15.029628642659022 15.653690662788486 15.091624685174704 14.82258290501364 16.76527883230367 13.908544013847997 16.639163316513105 13.843153144549847 50.63964772576774 
186 14.314381523758298 14.841716935359532 14.74866302068402 16.215578074910987 13.750475001967601 13.943596692865892 14.5057317159287 15.662188049218825 12.77788397971321 15.117426022996957 49.740980907606925 
187 16.401626206546716 15.756651456885681 17.693508938548188 15.742176328473631 14.615063950042725 14.348073727691599 14.018616989170212 14.283791591461734 15.024177758918245 15.820486522755399 49.617699416805195 
188 13.991592025089 16.345922655592823 14.663849595592133 14.756710038098024 15.29497952363554 15.326106599152322 15.780467458791286 15.161561005755525 14.602373473440263 14.439665555384464 49.49392348735895 
189 14.692393516416205 15.9864933774073 16.343965813829183 14.14520004960997 16.614280873571705 14.869376822281925 12.974818338248925 14.821389316543643 15.180038340229766 14.10919771174085 49.94181123418451 
190 14.066030364245739 13.77755263822006 15.107023684024986 14.358564184949525 14.578078516408773 14.722199731247438 15.77455151462138 15.60049974667598 15.134344810681016 16.093009898122045 49.321825343928666 
191 15.941360236667876 16.216438771444384 14.890355757093612 15.802385402704884 14.286682965747655 15.01245775219829 16.17899793784103 14.582450877416887 15.670064644773317 14.607241074754558 50.488206926206935 
192 15.076837027501938 15.437688485199084 17.524329425300238 13.731343452198026 15.73160991985342 14.819824649712896 15.566689864085259 15.002526905899405 14.625547650711473 15.545552058946933 47.932737201836076 
193 14.879475795589306 14.862074816445366 16.425544906012302 15.556971200656754 13.043945658968042 16.58022779473556 15.167317593775724 14.190397526448814 14.115608709855225 15.13339521635356 49.08681399521212 
194 14.69170291752812 16.140866884869492 16.103813576664344 16.778813315122882 15.49178427101871 15.603814641520659 15.137111808838432 13.616798314810737 12.29137641954542 14.142081644491569 49.871868794475866 
195 15.455252642793083 15.464723947932603 15.192883881458535 15.831698018581852 16.804750576324547 14.592171205882376 14.596913654454582 15.216291406473426 15.226810704816499 13.055500897102492 50.70284229693539 
196 13.6995313037887 14.855338021613369 13.012600844485103 15.627345388150665 13.853530179936264 15.258781161139702 14.440155618886596 14.53415864162227 14.072137113643485 14.194909008336621 49.37252772526872 
197 14.405277834329205 13.81622529910041 15.626685129327692 14.730960874374995 16.183918606045236 12.84184136495787 14.890523419949124 14.571259894480784 13.890250125372527 15.771721114593301 49.46329514300391 
198 14.792392953678407 14.714322838158115 14.278862562713648 13.995996193992518 13.848491605070322 15.205251543360518 15.027116329468006 14.019503945105896 15.862531867764066 15.17097386159924 51.028072190708116 
199 16.23796798838469 14.433902946365766 16.487238405018108 14.443954667241538 13.318595183879326 14.174584957496396 14.303080086640064 14.260462013598064 14.252031461523933 15.36485020793591 49.5643073800247 
200 13.409899408883106 14.613978091776517 15.03928884974866 13.683851175523003 15.03830255472692 13.999764813836718 15.754046032640439 14.884937368278502 14.421379206688266 14.826633328162421 49.39014826992984 
201 15.727214596392228 14.841787308416665 14.654266384845254 14.437705925980325 12.826609505116153 15.83840137236762 13.817257041389094 15.507715547068635 16.444875517689756 16.37796526505328 50.81013268566257 
202 14.0300782537272 15.02591276554522 14.422352753259712 13.90487072968505 15.34368903912183 16.92532656912408 14.140734931127529 15.78618666664753 13.564599106910551 15.36233330185658 48.95222870165154 
203 14.782091537643796 14.9250665160581 15.116521580485058 15.977715058230036 13.829394305392064 16.127248674841546 15.697339559175923 14.915740176074435 15.111048329298582 15.645768242734695 50.68759369837472 
204 14.458851764683576 14.279602308581895 13.94469279575307 16.344314949518804 14.004952756907754 15.613561203613461 15.772404242976235 15.932478898894432 14.988069752000996 14.535974409012116 49.96464464412454 
205 15.56627457727288 13.292864501682745 14.220073971787686 15.01999465651809 14.023110823159412 15.41958089367207 16.215283138840885 16.073474615408735 15.995621795372827 15.086415650806204 50.55719747639811 
206 14.026029119974908 15.57158269028206 15.264127306424406 14.945436387281198 15.3217390910869 15.316348833919305 15.001374393797516 15.814895755876222 15.69424441658938 14.759042552482006 50.95253603256665 
207 15.641697689666744 16.00300748430444 15.436311776894414 15.280749177652494 14.204993416149273 14.432816162293047 15.47218652618377 15.239827879269336 14.979130975844495 14.121058481535995 51.63852479538838 
208 15.83361879373325 14.924790054678526 14.57349546456542 14.992033766542562 15.532619810038371 17.21094544706445 14.420505278134282 16.192418776677737 15.960465266048061 13.227723296317983 50.218002742227085 
209 14.431787243526497 15.746085472277008 15.4930674734506 15.223279738131982 15.361284799859783 16.217225282383346 15.98466147145153 15.270874538433926 14.150755820396753 17.904681709016582 50.1248698141346 
210 12.995801011549084 13.408274153291567 15.701630941313471 15.275439864126175 16.806507971151603 14.627177982497072 14.863190137415932 13.431176300120644 14.064674452060308 14.57257693776871 49.57779545907788 
211 14.361019645458917 14.962532942832183 15.827194735700122 13.706857768687993 15.417416487593833 13.964873306712306 16.354522914567532 15.10514757537365 14.696376419965464 14.03164501095047 50.54150922579918 
212 14.555405057030594 13.981407877020583 17.031076575965432 15.669208293936336 13.247033911850195 16.576156603913724 13.819531000886501 16.050212242323138 13.640515282232283 14.40682576049647 47.124435162272704 
213 15.660421808755563 15.190832040816442 14.914812701119041 13.771699741971705 15.685029243074847 14.909171968913231 15.677657139278953 16.117272903615778 15.664677335830579 15.401593101169517 50.30300358515852 
214 15.798288481806606 14.631652816611785 16.5352742543594 14.35388455368916 16.47831336486032 14.831846211793026 14.640873383242422 14.260693768481302 13.218016804171318 14.700114593870826 49.920949545721605 
215 12.879945483350442 14.538459982791778 13.830914985096829 15.574700650217059 14.97561729455402 14.663462689895622 15.341526833175164 15.48756731669279 14.295354543965333 14.303628014167117 49.02796541599947 
216 15.031714655079469 14.038886728939557 15.285701796047581 15.367252657185915 15.403459950287829 15.41304261331184 16.156862107552755 14.995009102783879 16.097219789839 15.42133892215633 50.29925233815697 
217 13.453960402730928 13.33555206194088 15.54964135905607 16.32738546915857 14.895877946005664 16.51995885051584 15.617842734056333 15.112565945670724 13.883123054334353 13.912189690728619 49.030635495074705 
218 14.403623293339773 16.266852281664562 15.48750602929871 15.068868852708244 13.584531890207641 14.500296424705166 16.278627161484955 14.951479501188132 14.252586169210648 14.636750285138913 48.93635691475738 
219 15.568678692544378 15.774902940683027 14.780184334333322 14.101314230464764 15.856721210711676 16.73701691391172 13.59846857249028 14.692067234249528 14.388736278380824 15.263907939152014 50.45667219083283 
220 13.66820278150498 15.083080182599158 14.72897011684943 13.278049089939127 15.612234654777573 13.258098351600024 15.420018726171516 15.773025514300183 16.66232684038041 15.649513800174855 50.85115697956262 
221 16.637724188215785 17.014961651714337 13.147718806993751 13.437220930106728 14.014060054640723 16.3753367084625 14.65403596205439 15.132440659816677 14.618826347686452 15.720586733648306 49.04685077188095 
222 15.017806521637816 15.804768363564179 14.486948756946008 13.398734568850465 13.935823885045826 15.288878157676082 16.11494251843662 15.749868714584812 13.892541307803418 15.985166059608373 49.09172974491083 
223 17.259547992624224 16.803250172757643 15.05282320494161 17.61026981357128 15.504420041143723 15.688501525202078 16.39502476719913 12.690076363771015 16.614608121442775 14.560241654065557 50.169695191551455 
224 12.537474455148368 15.645720272479563 15.329997126607788 13.98656793075838 15.267715496794452 16.214016872225844 14.897102025893158 14.848341979185868 15.614453934889678 16.006980251638083 49.6127662464205 
225 14.370803580585683 14.536663675038833 14.581293161256344 15.161070037049921 16.866859584812886 14.84279455012148 12.480547997901093 12.90758260853407 15.199587725159743 14.129877295296794 50.60068637555634 
226 15.394042969361324 14.465469338090278 14.039066671460183 15.600384370760338 15.578513639909108 14.24543749241424 15.130813285104747 15.122226619162152 15.02696969817227 12.884167749025767 50.999828677836724 
227 12.179726404713081 13.918714515290798 15.103406827978665 15.710203824741258 15.303896637438594 13.738506516172809 12.890055371761079 16.07154846822153 15.287980889797582 15.183752779532716 50.81625345210572 
228 15.616768045475046 15.440517627551866 14.403596405654874 13.43392973733128 15.580429897338984 14.8322441996036 15.283572754345286 14.682289580833764 15.074726580525398 15.809173202579496 50.19628180273451 
229 15.467169099959834 16.937752831518825 16.86467892922053 14.090479748615971 14.412377583996411 13.777654526094288 16.11089865539276 14.868495047943078 15.215441853864323 15.798654638005535 50.10768687725573 
230 14.510279273163073 14.523812603235138 13.776374247471221 13.952376831698986 14.16359618160316 16.408337715790612 15.345526878017392 12.387151969540977 15.945508955580188 15.127017817209497 50.18322841611727 
231 14.60674986043901 14.356396595007595 14.617037899682265 16.31001790405562 15.894616843665654 13.601282023597898 16.012729286961996 13.969794488502654 13.639194438373714 16.226409636326284 51.26121926193601 
232 15.07363473525134 14.204178508069395 15.01999733289902 15.679760783385102 16.48317169091719 14.275086289247609 15.689896509609525 14.514755369231654 15.481565574341214 15.18552584621455 49.90661898850628 
233 14.681381329498382 15.88009697416073 14.945006327723078 15.453786678126507 15.34758393774673 12.566736994909348 16.303304011652983 13.568316696963786 14.806869061059096 13.721333365073981 51.08079336423213 
234 12.865935702830987 17.086538169621786 13.969840779216726 13.903582856970452 13.70704610499665 15.923270918698522 13.659552388465094 15.514464070589774 14.857620257924532 13.7190438220408 51.758442789573756 
235 15.507859480968461 14.001206532249917 12.735836897390955 15.559336426030807 16.012639679971937 14.62160504372878 15.352416146007199 14.508924672848462 16.00665408168195 13.4546691896043 49.03490312479951 
236 13.258453093041533 14.952168638165313 16.547207484544337 15.636461589993505 14.230086941134758 13.020805226599878 15.960763162740898 15.545142478907644 15.03584963937012 15.00488809713395 48.76795337608778 
237 12.828087905261219 15.654169069180021 13.485284463130268 14.992112216737326 16.29952048131937 16.02132825511067 15.299053588856268 12.813493977367987 15.980791736651565 14.214301266131741 49.63732700467104 
238 15.12821291602869 13.673955384531553 15.857935546123526 14.687070052828076 14.783147072617922 15.972926410035802 13.607771378963895 13.702449063544455 12.218621377020817 15.405472931167255 50.60400550671416 
239 15.027676886025032 15.793259550883025 15.567151276665438 15.943381636478856 15.377069045458088 14.818794706654709 13.099529498731599 14.564007505224936 14.851150400310443 15.857507871872626 50.790122231845 
240 14.429056894079052 14.986903240202563 14.565488396233395 14.865311475492728 14.112237769825873 14.218756829459613 14.74340274831678 14.543773437147614 15.396713698524515 15.470632814844741 49.71643081301632 
241 15.066630742413084 14.117046875896865 15.122291044002067 15.467493885731349 14.211090790699362 14.56925329970938 15.044598757998736 14.13925530617312 15.013740199989192 14.493417102162688 49.03267032273413 
242 16.917645852088985 15.108040305846444 16.217255865226694 13.67340706654398 14.751369235993177 16.22250399031769 13.938078513049934 15.8797073106333 14.721190020559732 14.246379734989796 48.363405617299094 
243 13.565303280958434 13.708374459448926 14.154542861670627 15.214383252545538 15.535287302688186 15.102470693745335 13.861218950932109 14.20580047398942 16.881169087499334 14.848358685894517 49.09364701088564 
244 15.282533216108305 13.536317083934394 15.85270356909504 15.469809047008638 16.555415033523893 14.566514236873426 14.220019005248288 15.7092667783435 15.287354872668379 15.978852611847872 49.61873007856283 
245 13.34019068243277 14.186131024817406 16.48049609491131 15.050066002057628 15.789021711279085 15.852315593139819 15.230182054697226 13.73647615399069 14.068961878506775 14.775312962136756 50.48232446265473 
246 14.462277363440414 14.297748654379687 16.343375779289737 15.311525509438209 16.853480363951817 13.704459874951024 16.29144239906197 14.072744583499327 14.824292289158022 14.141912930609799 51.04811998524621 
247 15.335833870774938 14.366573704315927 13.281241880449743 16.3647012888843 16.2334634288774 14.93034535318326 16.514180555631174 16.476553356718455 14.84923860564065 13.906206989740735 49.174248295570436 
248 14.676999326150105 14.339924405704862 13.751596248702986 14.539746310450543 15.865210963751185 15.521638814875494 13.918924718491375 15.586463220660626 14.899981545454327 16.653797733036594 49.285949536751474 
249 15.823359182727284 14.965447049901876 16.79429445232187 14.86955718618313 15.723987197823112 16.19814114353361 14.997168402108306 16.002612323781328 16.37780840486687 14.680076571346756 49.79102630021847 
250 15.596376556612014 15.89341762943679 15.81807926559724 13.059365371735476 15.999026133231625 14.86178322297761 14.601373064166932 14.078445506420655 14.339711362745444 15.510872795656756 49.470435363904954 
251 15.070024569020507 14.941466376759529 14.811039841546444 15.708393098585642 13.484738006084722 15.782012190327341 13.859815998591557 14.571348830023862 16.378484048000885 14.324122722330326 48.385857800827296 
252 14.958891369088601 13.859407131047936 16.476969441449043 13.91451521779214 15.799963515537156 13.095453165867697 14.627751890067474 13.947454903183274 13.889096272477465 12.529553699001116 49.628908415956715 
253 13.948622432388827 13.737343724851799 13.662919873627608 14.767424252282895 14.028556054432368 15.757460788399051 15.23899040835574 14.728500011989182 15.491318866748477 14.488334655296752 51.060392876880364 
254 15.515318194165163 15.204246542496557 13.157232351282286 14.26398369390774 14.841289353264711 13.79084490280267 16.255107800947354 15.183071043412685 15.498336790575902 13.81669635113056 50.503997202902674 
255 15.093792211423267 15.33824895676994 16.418137879968935 14.60476760042968 15.827111560709243 14.705724944465679 14.477118054756675 17.17859130123129 15.27966074605123 14.148810362343626 49.3627892683865 
256 16.066359272667817 14.51446307986626 17.420649996691914 13.669885701367448 17.56913835725829 13.87112032085031 16.28448851331654 13.337555171535293 15.843047234618506 15.058529186033876 50.29430881943104 
257 13.741858970403682 16.81606960859371 15.76836516633725 16.70357862429098 13.621914432442763 17.424428940926155 14.18407259916757 15.146134050082438 14.463308271869847 14.354791044878208 50.51350520785014 
258 13.068844940334436 13.739992241361174 13.366947302953575 13.934609628145244 14.71691154468509 16.51396068070722 16.27469793776171 15.71745722540118 15.023924758232106 13.699520012271218 49.90329454796852 
259 16.34946481520267 16.33941223956729 13.169828463663858 15.451827816871692 14.58899649131396 13.483872413566264 14.292431782323478 16.00255496631457 15.89873347277083 14.778216372644028 48.33007423110863 
260 14.49637677914503 13.865222998750395 14.62761040762254 15.835012825671372 14.722853250444658 14.749471852906524 14.326827843771548 14.601012304784012 13.893963920846911 14.557367705600242 51.37590603995504 
261 15.356295480928843 15.221276185500251 13.472341128467438 17.805359355065463 14.166974616457761 14.161011690371579 16.752589409768625 15.432632947279675 14.443694419096385 15.879530257278073 52.06848676852194 
262 15.64120303978146 14.406204563421383 14.763583666586518 15.143889078917288 16.59227249234203 15.685251221612697 14.347451719482214 13.14776220658026 14.624412401151298 14.52243440901438 50.0020260618511 
263 16.298000834596646 16.529042265593745 12.839706487131773 14.52091185451981 14.02837175885065 15.772859113442987 13.168177682448885 14.719792407730392 14.440152828114332 14.733141978552709 49.63879950067132 
264 13.700885229577807 14.441562935172634 13.631972775366163 15.48267462666974 14.41317827917335 15.512429739407011 14.869830587202205 16.691699224597535 15.492488494991985 14.945769354237076 51.657851352995415 
265 15.835721283762288 14.012591565841904 15.259715550272519 16.246308387634848 15.027967114031837 16.368580782717967 14.953461093542904 12.995055946742658 15.028671712306073 13.109773475907422 49.76765094455812 
266 14.977459024099026 13.523214351261128 14.350885226295867 14.531618248828357 15.521202701791646 14.700651930555395 13.515608040332566 13.224309770984059 16.253871333555328 14.880294807529092 50.24338367820267 
267 13.980197020286244 16.215637261950118 13.147713680440894 14.53111787130195 14.320741996712602 14.369051182470137 13.847878945100167 13.930598504012844 15.448269066567255 14.974643357894097 50.033011972563735 
268 14.687769168481775 13.722156892962907 13.926070844883197 15.375278576705597 14.410748419313391 13.88870717439339 14.526201484589329 14.306773178890957 15.340424191123665 14.311932455918896 49.01164183333329 
269 14.653406399943655 14.867500603730536 15.42235459099346 14.225027796776741 15.908431487325375 16.071911098993585 14.979184470063247 13.98455225958416 15.242699690710648 14.506214421192428 48.881252889753966 
270 14.29142890674752 14.640350592372823 15.30866681437823 15.048989607030515 14.480457304144315 16.356237402059882 15.115672306362807 15.207427882417724 15.01249983779119 16.274201134726646 49.15315897071112 
271 15.55349379699639 16.627577956308492 15.010617815912319 13.74312461131351 15.307065625000858 14.916363204026771 15.614003536610552 14.584383862203827 15.089939721354428 14.332973508750428 49.048629844239635 
272 13.100445436259628 15.595518325022992 15.285766348074164 15.001043518869322 15.507812959965214 15.277081663113847 13.75482069176314 14.72860323058434 14.838645984515543 14.412234169029466 49.403238598712456 
273 15.559584283489551 16.912605368186725 15.209747826905872 14.594754148581604 15.19038538375959 15.671057012906838 16.38887219738879 14.200972728803343 14.29247578807427 16.01261482963844 51.63126095178491 
274 14.824552665756098 15.131348389698832 15.101234800431076 14.960812056727642 13.548376222651903 15.565954899175813 14.777037408765821 13.846941735500014 13.486781703983228 15.243139706134645 50.849621460559675 
275 14.976267510521675 13.859912932829642 15.5199586669175 14.729803584636663 16.065502629565582 15.455201199528414 16.704046811487302 15.855194236458603 15.890014040139857 14.683120837557349 51.449287459708316 
276 15.653133208460492 13.513533168186017 14.7846738717636 14.650420015538776 13.510332519970117 14.191658444432605 14.825882918413713 16.680976757945135 14.981205569069825 13.045351703885407 48.04019275273094 
277 12.936025299838503 14.7068259403994 14.87079349132468 13.106796492947536 13.04630247617277 14.313190754838756 14.409600607464395 13.137690030218696 16.002695738973753 14.661711732983983 48.55651972582792 
278 14.573262439238917 16.09533476406377 16.05764921480669 14.801618899151547 13.111349530857087 15.02440097924698 15.438624562739122 13.739612081293767 14.900453344331117 13.974354777170177 50.71651130831627 
279 14.756580067838485 15.411753553916046 16.23050752479123 16.147275594465466 14.609941447672558 14.612360317641546 15.215868779790345 13.743015170645622 15.665398343251232 14.642227962433747 50.105722463221106 
280 15.019460239077517 16.1186819186149 13.331409041174888 14.0749389259721 14.281373439048906 14.870330869288397 14.953736914599526 16.610992689311555 14.737510078842737 15.424912319906571 49.92672005083166 
281 16.787631798170235 15.335017716227837 15.170074350311635 14.780940784042812 15.36290712326884 16.668675409604663 15.13498463110333 13.595602885174978 13.666742707623712 13.191490800842264 49.581508875474555 
282 14.254564321895206 13.774358492363415 13.929597117923471 15.335790293478173 13.903382557850225 14.000810508315507 13.7208105226719 15.256885225629345 14.348631938835199 13.654776233073287 49.53604631900706 
283 16.312564358399268 16.609233220171546 15.191817804634864 15.480174524186983 14.10476826707365 14.221940381035413 15.596038169384624 15.156779871300389 14.668058980229056 16.037221016014197 48.904430399177066 
284 13.555523556186417 15.060959193674153 14.820129375813154 14.441840348011088 15.534737968184722 13.377893904810417 15.023164253973489 16.011130716950156 13.633680125570002 15.016207909596387 49.098730767585586 
285 15.246813743282079 16.35821360348555 13.739296596844168 15.931554684416609 17.755477726333165 14.242021994415568 15.863484229900171 15.748534146062854 14.137839878944634 14.68172408374357 50.89094174580732 
286 15.002408576082912 13.954456921624747 16.35150317566336 13.71210493651724 14.092505960989502 13.29800120089255 15.139690886544765 14.882203185797554 14.118969252695415 15.224912040185526 52.0931468811259 
287 13.70620562071607 15.572484884423245 13.949459436365863 14.584965160554773 15.522373827494864 12.95471464372151 13.896112328783826 15.907444606011724 15.787401089283327 15.109054946606925 50.53821025672704 
288 13.435712468718519 14.002861297683516 14.20820727789511 15.153770418898315 14.789879173435727 14.794192326118132 15.921571720130876 16.458711391192097 14.836169256260671 13.67639376434203 49.78786062665121 
289 14.262416765102289 14.37180290711694 14.980221658880685 13.923649745972655 14.860909238430681 15.80938766327517 14.597872010729988 15.97556882684101 14.6843644767898 15.598580514042826 47.74026803219907 
290 15.113338997976108 16.036380505183203 15.101601009492898 15.70209323360697 15.465778458791405 14.966999210858075 13.935898188636891 16.293304469235494 13.390770826335846 14.622127205975415 49.96661812763723 
291 15.170120971442635 14.55148822024553 14.437869995507622 15.556990810073383 14.068721034823167 15.709153876447738 13.767800877799509 15.121545098370962 15.305402180140021 14.325920579862816 51.418737802969034 
292 14.267552748870289 13.56374184970305 15.856322959499371 15.243961427456766 14.819807163943182 15.779480227753123 14.179863723209577 15.454104119580935 15.061358392203267 15.907237900637966 50.16594682835762 
293 16.302978013595904 14.791856170265657 15.691861051089456 15.369698129265066 14.625045316593805 16.772693897200714 15.51521206009732 17.744767454252546 14.873794155446392 13.875254680681644 50.61212475061593 
294 15.90760651698683 14.407766617385917 14.192090857177757 15.649228258481813 15.8320359106805 15.404320476156006 13.418437033930395 15.221371920467563 14.16095061088841 16.489558234560427 48.4369600415707 
295 13.355074455823354 13.572145317023699 14.844866553265549 14.644818946562461 15.23889294633778 14.33995372371756 14.792872694963881 14.193584546498904 17.09904263986558 14.275491084842688 51.435817820000054 
296 15.204260567427195 16.135192557470024 15.907802258616897 14.197345387595494 15.305480354805471 15.171476735416329 14.626628551033313 14.369405996335338 15.07970938921648 14.632130247455468 48.980988996261594 
297 14.426394214947967 15.693828697957441 15.317364657689897 15.275647275819257 14.102072626272133 15.292698345604164 15.494172303469051 14.064050099929574 13.810290805240278 16.50879163477673 51.22725482807391 
298 15.190767526440954 17.07650024510983 14.820711069832214 14.64743273544677 15.91170123253324 15.055891249963686 14.89015701388618 15.365517189332186 16.87915364048331 15.660733884457583 50.19818083472768 
299 14.89455301312717 14.149830390689287 15.916093188686157 14.20022106539301 14.207234469289133 14.603125975052638 14.775972914172353 14.230840449238123 15.781040604534107 13.906392188924768 50.675867085484484 
300 14.756732441568175 15.306187695394366 14.135593612339536 17.340989129454314 15.688451633504219 14.423162017633597 16.771118986885565 13.610607043663169 15.130891198374528 15.925542202253093 50.36486094436708 
301 14.399976589479008 16.03814249621313 17.141650388768973 16.26340528603113 15.497939692247908 16.193618590827462 15.649606841755604 13.079463826619982 15.017980762347424 15.261821451544515 49.50938826633617 
302 12.971319239928292 15.292327112272265 17.20493063036244 12.763197035736153 13.73143166305966 13.561573377461102 15.919567111050648 13.99006161748624 15.025074292212606 17.068607777531412 50.059181122141815 
303 13.928199575961179 14.421249891615252 12.997507658368733 15.337917481014834 14.689411466011933 15.836958278955654 15.729444704878343 15.3229095582701 15.159557897587957 13.628801285699481 50.12797292363341 
304 16.02936980736915 15.05897615724642 16.41398934727659 14.543246919127704 13.480897847231686 14.453471807399552 15.016820062696778 13.4304624666154 16.18774268878848 15.916682416263477 49.88803701264322 
305 14.471904979781172 15.563196339630633 14.099013537300603 16.160580027134433 15.79280258494116 16.424361830343987 15.39238433508866 16.4257521209599 14.413440313981944 14.352824354750021 50.289816792907 
306 15.674251128672243 15.6876358369527 15.768648971017326 14.402428453766557 15.036161608942813 15.809735967869246 14.430669686036655 16.893430252699574 13.680573392800033 15.392968852355885 50.18795961760797 
307 14.67048866436094 15.057368746471559 14.867098285776251 14.335053720832525 16.483761770283547 16.71788715357895 12.855115274279147 12.769540509080443 15.25062411600291 15.679326759395387 52.17316330700345 
308 14.742935627036124 13.928095967336928 13.627080894191577 15.311983345923771 16.43734357902305 14.882570342691794 16.38385103031598 13.328960270238529 14.245997896810149 16.956460025893954 48.967346372775026 
309 14.128827741635488 14.157213609828386 15.293244589366468 13.800897978586603 15.962202515914953 14.173399872731391 14.78343416993564 15.034666458527921 15.366682393727942 14.957881851601476 49.484893823111754 
310 16.70141191437485 13.77782240961212 15.945057879667404 15.192428704598745 15.24360894499741 15.741489228173464 16.448572035318158 14.318253318533781 15.253993380531597 16.28618332764667 50.61147245326294 
311 14.666744463092938 14.544280584488032 15.400014203940755 13.799262111959623 14.148310528896328 15.588080755997328 15.485507143286593 14.195144118013605 18.150082013437704 14.27173518757918 49.38333542806086 
312 14.988349462722136 13.534676603653534 12.950266512829247 16.331107333297858 14.895653792218884 14.369362743246278 14.911293649967714 12.416705812035504 15.368061821116479 16.26426372380424 50.16741467633897 
313 14.692935313344865 15.08150157651703 14.49499077629552 14.673288502409855 13.37244152623191 14.1521840599533 12.719171026645679 13.65435893000061 15.05118082784957 15.36904908807805 49.788278745699024 
314 15.155027058428898 16.036002149566816 16.008249745197126 15.179790208979014 14.476778126488256 14.160902280017513 16.065481792227096 16.440599733481367 14.491840901796364 14.919056986260856 49.7062912816082 
315 15.032913979868063 17.038393865994447 16.04892649109581 14.791590696842553 15.346375139498189 14.43856343869105 13.539203847966752 14.649018064217177 15.025263974109958 15.194671663319935 49.55370774174345 
316 15.191643323143715 13.364041911374553 14.870584215510007 16.01524258344967 16.48246951560064 13.240577913827112 14.98994766724255 16.320802299625207 15.52923611369345 15.10404269892646 49.19674567549933 
317 15.113751387057686 16.777374985425155 13.957255531745382 15.5254775496265 16.394974489891393 16.548243468801545 15.096914388568571 16.0565257574544 14.820332698436085 14.664096893248718 48.766207868621684 
318 14.287988603309273 14.93214345639193 14.597556298061305 13.447268914512819 14.468440948122675 16.674030932526705 15.04688315067156 15.431764880608206 15.18250395536956 14.202159895700854 51.718134107775015 
319 13.965991562555537 15.524743139700893 15.054457406585879 14.880571352535734 14.863904123900706 16.660898549068165 14.103709396247892 15.432628717143931 14.285986446729304 14.730541546248578 50.282170255276036 
320 15.31524227716708 13.92605056375066 15.069529427959004 14.818859906735831 15.098576529578107 13.929847942320045 15.749391742622167 14.308715486354748 15.066641584834368 15.348019374688398 50.22458483141428 
321 15.215206339140085 14.969702460164758 15.099822648975112 14.48143785387866 14.910072065354436 12.742922591833384 15.660218862209987 15.245572365548794 14.512815642326128 14.533630503957214 50.14946937364628 
322 15.085374592127438 15.4454181167413 15.964783405243315 13.573976228383177 13.934811759000404 16.659736870705625 15.97579215665077 13.070168963255124 15.087319850683853 14.681428663151769 48.34019596645026 
323 15.2090737721743 13.135366910232952 13.034440686298781 14.553440137720655 13.579807293752266 15.015910417844697 14.320144305966128 15.437822624867394 13.357814459262194 14.101395479899091 49.259466792764094 
324 14.409611234927342 15.012091505413888 16.578405910091462 14.40274829390526 13.658305365467545 15.607188162606269 13.073034358418326 15.979437840118381 14.448756465500527 13.901571068795592 48.97547662307863 
325 15.590469921390815 13.95650673734844 14.537412287324587 15.7868210459412 14.600328398089578 15.610675124551548 12.8651963628393 14.32674167672325 13.206844696084389 14.429632068633481 49.31344667573333 
326 14.575724854313576 15.327746690247242 15.537327250845014 15.271245300312138 14.6425720520143 12.416933281797817 15.572598003140614 15.62162078102185 15.367626239689546 14.504139644899935 50.92096758612466 
327 13.495176959210948 14.99569128003419 13.500985369093481 15.575980204090467 15.76124968254772 15.441753641630966 15.374767405321165 13.901361293244083 14.569059377585223 15.119548780473488 49.66459963157451 
328 17.26366724344242 15.070129360255185 15.32827713010504 13.971322153004934 13.931833047354077 15.382047233797257 13.282593903916501 16.18984833976651 16.336463777742594 15.594546791987113 50.351234264366745 
329 15.859962709474775 15.866747303505488 16.152585663928058 17.086562870652237 15.606008218420339 14.761862682457805 13.930160413791496 14.025376085707016 15.946797275335674 14.086685290851632 50.7866129300168 
330 15.127619350592237 14.988116961019978 14.456345261471034 15.586339532606779 15.630450471289036 14.560692221409512 15.496700996503993 13.258637136285884 15.956474074190904 13.968932296978354 50.10295448591738 
331 16.608871106709557 16.040427269146186 13.4844884845984 15.032165763899899 15.635620871380347 15.429622212378012 14.787177725007396 16.207197542791754 15.752452144745432 15.32045285526977 48.63142897447228 
332 15.685164150805301 16.788842323501925 13.112209531864707 15.600556633977966 15.300150729495298 13.332356205950973 13.985104598658829 15.934488686832946 13.910097067001137 16.15394285659577 52.07311926207265 
333 14.643541293939316 15.115955040851537 15.365679898525297 15.298569726087669 15.326515264010688 15.830169921412844 15.414558707858697 14.062324709194378 14.551466778146336 15.698809990127582 52.281586681616574 
334 14.955254398162198 14.017818467917573 14.214386940164632 15.84100850835027 15.250242023903622 15.243494578852884 14.577789392701717 14.613841082330856 15.349102289163884 14.741595941224706 49.80027489321002 
335 14.7828703447721 15.301290093541498 16.985281599121084 14.147043976139045 15.752346519464778 14.405531061008633 15.93841258791904 15.350738634530545 14.558192349699032 16.234719602443228 50.17627714543596 
336 13.006149974226107 15.179540462184857 15.330959633292515 13.832700293066704 14.173949467433467 14.634157452104942 13.927017082727149 15.116362766715984 14.078471842999342 15.53729792716179 49.63212013869177 
337 14.39223863923456 16.565078890663663 16.830159783888366 15.23171860854178 14.807872724940532 12.924476193845232 13.54521900917799 14.602285811878382 15.631675527898853 13.699275828205236 49.838700564633434 
338 16.37919515569136 15.914895710629287 13.144359457894621 16.132256686618522 14.583320260818919 15.618716958104828 12.96034784181154 13.222385334833193 13.32774121607024 14.84703100053315 49.37079789934283 
339 15.555204918429316 15.15923611503271 14.902895510976382 14.364915937246941 14.14196642112547 13.687712552666307 16.26979731070062 15.129895744961697 16.101784365813092 12.94936428265418 48.67384577978155 